RunSeed,Seed,Algoritmo,Radius,nDevices,appPeriodSeconds,simulationTime,PHYTotal,PHYSuccessful,PHYInterfered,PHYNoMoreReceivers,PHYUnderSensitivity,PHYLostBecauseTX,SimulationDuration
4116868799,1,1,3000,3000,600,600,3000,2631,363,6,0,0,1.68333
4116868799,1,1,2000,3000,600,600,3000,2631,363,6,0,0,1.83333
4116868799,1,1,4000,3000,600,600,3000,2631,363,6,0,0,1.8
4116868799,1,1,6000,3000,600,600,3000,1390,96,2,1512,0,1.78333
4116868799,1,1,8000,3000,600,600,3000,839,33,0,2128,0,1.76667
4116868799,1,1,10000,3000,600,600,3000,553,14,0,2433,0,1.73333
4116868799,1,2,3000,3000,600,600,2998,2293,455,250,0,0,1.76667
4116868799,1,2,2000,3000,600,600,2998,2293,455,250,0,0,1.8
4116868799,1,2,4000,3000,600,600,2998,2293,455,250,0,0,1.78333
4116868799,1,2,6000,3000,600,600,2998,2293,455,250,0,0,1.73333
4116868799,1,2,8000,3000,600,600,2998,2293,455,250,0,0,1.68333
4116868799,1,2,10000,3000,600,600,3000,782,20,0,2198,0,1.71667
4116868799,1,3,3000,3000,600,600,2998,2752,204,42,0,0,1.78333
4116868799,1,3,2000,3000,600,600,2998,2752,204,42,0,0,1.85
4116868799,1,3,4000,3000,600,600,2998,2752,204,42,0,0,1.76667
4116868799,1,3,6000,3000,600,600,2998,2107,147,33,711,0,1.75
4116868799,1,3,8000,3000,600,600,2998,1067,71,10,1850,0,1.75
4116868799,1,3,10000,3000,600,600,3000,553,14,0,2433,0,1.76667
4116868799,1,4,3000,3000,600,600,2999,2671,320,8,0,0,1.75
4116868799,1,4,2000,3000,600,600,3000,2631,363,6,0,0,1.75
4116868799,1,4,4000,3000,600,600,2998,2779,201,18,0,0,1.73333
4116868799,1,4,6000,3000,600,600,2998,2422,385,191,0,0,1.73333
4116868799,1,4,8000,3000,600,600,2997,1317,1070,610,0,0,1.75
4116868799,1,4,10000,3000,600,600,2998,933,1074,549,442,0,1.68333
4116868799,1,5,3000,3000,600,600,2998,2744,212,42,0,0,1.7
4116868799,1,5,2000,3000,600,600,2998,2752,204,42,0,0,1.66667
4116868799,1,5,4000,3000,600,600,2997,2730,211,56,0,0,1.66667
4116868799,1,5,6000,3000,600,600,2996,2073,453,259,211,0,1.71667
4116868799,1,5,8000,3000,600,600,2993,997,931,605,460,0,1.68333
4116868799,1,5,10000,3000,600,600,2996,606,989,590,811,0,1.66667
1210512250,1,1,3000,3000,600,600,3000,2594,400,6,0,0,1.68333
1210512250,1,1,2000,3000,600,600,3000,2594,400,6,0,0,1.56667
1210512250,1,1,4000,3000,600,600,3000,2594,400,6,0,0,1.65
1210512250,1,1,6000,3000,600,600,3000,1331,121,0,1548,0,1.75
1210512250,1,1,8000,3000,600,600,3000,757,39,0,2204,0,1.65
1210512250,1,1,10000,3000,600,600,3000,517,16,0,2467,0,1.61667
1210512250,1,2,3000,3000,600,600,2998,2221,517,260,0,0,1.66667
1210512250,1,2,2000,3000,600,600,2998,2221,517,260,0,0,1.63333
1210512250,1,2,4000,3000,600,600,2998,2221,517,260,0,0,1.7
1210512250,1,2,6000,3000,600,600,2998,2221,517,260,0,0,1.73333
1210512250,1,2,8000,3000,600,600,2998,2221,517,260,0,0,1.7
1210512250,1,2,10000,3000,600,600,3000,668,25,0,2307,0,1.65
1210512250,1,3,3000,3000,600,600,2999,2702,245,52,0,0,1.63333
1210512250,1,3,2000,3000,600,600,2999,2702,245,52,0,0,1.61667
1210512250,1,3,4000,3000,600,600,2999,2702,245,52,0,0,1.7
1210512250,1,3,6000,3000,600,600,2999,2026,179,39,755,0,1.75
1210512250,1,3,8000,3000,600,600,2999,1000,80,17,1902,0,1.65
1210512250,1,3,10000,3000,600,600,3000,517,16,0,2467,0,1.61667
1210512250,1,4,3000,3000,600,600,3000,2624,369,7,0,0,1.63333
1210512250,1,4,2000,3000,600,600,3000,2594,400,6,0,0,1.66667
1210512250,1,4,4000,3000,600,600,3000,2694,285,21,0,0,1.71667
1210512250,1,4,6000,3000,600,600,2999,2356,457,186,0,0,1.7
1210512250,1,4,8000,3000,600,600,2998,1293,1071,634,0,0,1.75
1210512250,1,4,10000,3000,600,600,3000,857,1139,573,431,0,1.78333
1210512250,1,5,3000,3000,600,600,2999,2712,234,53,0,0,1.75
1210512250,1,5,2000,3000,600,600,2999,2702,245,52,0,0,1.73333
1210512250,1,5,4000,3000,600,600,2999,2676,251,72,0,0,1.76667
1210512250,1,5,6000,3000,600,600,2999,2077,443,287,192,0,1.6
1210512250,1,5,8000,3000,600,600,2999,957,984,657,401,0,1.65
1210512250,1,5,10000,3000,600,600,3000,546,1066,612,776,0,1.63333
3985746143,1,1,3000,3000,600,600,3000,2572,423,5,0,0,1.63333
3985746143,1,1,2000,3000,600,600,3000,2572,423,5,0,0,1.53333
3985746143,1,1,4000,3000,600,600,3000,2572,423,5,0,0,1.41667
3985746143,1,1,6000,3000,600,600,3000,1392,112,1,1495,0,1.38333
3985746143,1,1,8000,3000,600,600,3000,812,39,0,2149,0,1.38333
3985746143,1,1,10000,3000,600,600,3000,534,15,0,2451,0,1.35
3985746143,1,2,3000,3000,600,600,2999,2257,453,289,0,0,1.41667
3985746143,1,2,2000,3000,600,600,2999,2257,453,289,0,0,1.45
3985746143,1,2,4000,3000,600,600,2999,2257,453,289,0,0,1.4
3985746143,1,2,6000,3000,600,600,2999,2257,453,289,0,0,1.4
3985746143,1,2,8000,3000,600,600,2999,2257,453,289,0,0,1.38333
3985746143,1,2,10000,3000,600,600,3000,721,23,1,2255,0,1.41667
3985746143,1,3,3000,3000,600,600,3000,2708,241,51,0,0,1.41667
3985746143,1,3,2000,3000,600,600,3000,2708,241,51,0,0,1.41667
3985746143,1,3,4000,3000,600,600,3000,2707,242,51,0,0,1.36667
3985746143,1,3,6000,3000,600,600,3000,2154,181,45,620,0,1.36667
3985746143,1,3,8000,3000,600,600,3000,1043,85,22,1850,0,1.45
3985746143,1,3,10000,3000,600,600,3000,534,15,0,2451,0,1.4
3985746143,1,4,3000,3000,600,600,3000,2619,376,5,0,0,1.41667
3985746143,1,4,2000,3000,600,600,3000,2572,423,5,0,0,1.41667
3985746143,1,4,4000,3000,600,600,3000,2717,267,16,0,0,1.4
3985746143,1,4,6000,3000,600,600,3000,2364,431,205,0,0,1.41667
3985746143,1,4,8000,3000,600,600,2998,1348,1027,623,0,0,1.4
3985746143,1,4,10000,3000,600,600,2998,906,1113,572,407,0,1.41667
3985746143,1,5,3000,3000,600,600,3000,2709,240,51,0,0,1.4
3985746143,1,5,2000,3000,600,600,3000,2708,241,51,0,0,1.38333
3985746143,1,5,4000,3000,600,600,3000,2694,239,67,0,0,1.4
3985746143,1,5,6000,3000,600,600,2998,2110,466,267,155,0,1.38333
3985746143,1,5,8000,3000,600,600,2997,957,968,640,432,0,1.41667
3985746143,1,5,10000,3000,600,600,2998,562,1042,624,770,0,1.38333
678447626,1,1,3000,3000,600,600,3000,2617,377,6,0,0,1.38333
678447626,1,1,2000,3000,600,600,3000,2617,377,6,0,0,1.4
678447626,1,1,4000,3000,600,600,3000,2617,377,6,0,0,1.4
678447626,1,1,6000,3000,600,600,3000,1353,119,4,1524,0,1.43333
678447626,1,1,8000,3000,600,600,3000,779,40,1,2180,0,1.36667
678447626,1,1,10000,3000,600,600,3000,502,12,0,2486,0,1.38333
678447626,1,2,3000,3000,600,600,2998,2229,498,271,0,0,1.46667
678447626,1,2,2000,3000,600,600,2998,2229,498,271,0,0,1.4
678447626,1,2,4000,3000,600,600,2998,2229,498,271,0,0,1.38333
678447626,1,2,6000,3000,600,600,2998,2229,498,271,0,0,1.41667
678447626,1,2,8000,3000,600,600,2998,2229,498,271,0,0,1.33333
678447626,1,2,10000,3000,600,600,3000,681,18,1,2300,0,1.43333
678447626,1,3,3000,3000,600,600,2999,2726,232,41,0,0,1.41667
678447626,1,3,2000,3000,600,600,2999,2726,232,41,0,0,1.4
678447626,1,3,4000,3000,600,600,2999,2726,232,41,0,0,1.41667
678447626,1,3,6000,3000,600,600,2999,2053,175,32,739,0,1.38333
678447626,1,3,8000,3000,600,600,3000,1011,79,13,1897,0,1.4
678447626,1,3,10000,3000,600,600,3000,502,12,0,2486,0,1.38333
678447626,1,4,3000,3000,600,600,3000,2655,339,6,0,0,1.41667
678447626,1,4,2000,3000,600,600,3000,2617,377,6,0,0,1.43333
678447626,1,4,4000,3000,600,600,2999,2726,257,16,0,0,1.41667
678447626,1,4,6000,3000,600,600,2997,2375,413,209,0,0,1.45
678447626,1,4,8000,3000,600,600,2998,1289,1071,638,0,0,1.4
678447626,1,4,10000,3000,600,600,2997,869,1097,567,464,0,1.43333
678447626,1,5,3000,3000,600,600,2999,2716,238,45,0,0,1.43333
678447626,1,5,2000,3000,600,600,2999,2726,232,41,0,0,1.63333
678447626,1,5,4000,3000,600,600,2999,2691,246,62,0,0,1.43333
678447626,1,5,6000,3000,600,600,2998,2093,445,250,210,0,1.43333
678447626,1,5,8000,3000,600,600,2997,978,954,626,439,0,1.45
678447626,1,5,10000,3000,600,600,2998,561,1033,584,820,0,1.43333
4151339241,1,1,3000,3000,600,600,3000,2573,422,5,0,0,1.43333
4151339241,1,1,2000,3000,600,600,3000,2573,422,5,0,0,1.41667
4151339241,1,1,4000,3000,600,600,3000,2573,422,5,0,0,1.43333
4151339241,1,1,6000,3000,600,600,3000,1348,118,0,1534,0,1.41667
4151339241,1,1,8000,3000,600,600,3000,804,40,0,2156,0,1.33333
4151339241,1,1,10000,3000,600,600,3000,519,21,0,2460,0,1.38333
4151339241,1,2,3000,3000,600,600,2996,2276,454,266,0,0,1.43333
4151339241,1,2,2000,3000,600,600,2996,2276,454,266,0,0,1.38333
4151339241,1,2,4000,3000,600,600,2996,2276,454,266,0,0,1.43333
4151339241,1,2,6000,3000,600,600,2996,2276,454,266,0,0,1.4
4151339241,1,2,8000,3000,600,600,2996,2276,454,266,0,0,1.4
4151339241,1,2,10000,3000,600,600,3000,711,20,0,2269,0,1.36667
4151339241,1,3,3000,3000,600,600,2999,2711,240,48,0,0,1.43333
4151339241,1,3,2000,3000,600,600,2999,2711,240,48,0,0,1.41667
4151339241,1,3,4000,3000,600,600,2999,2711,240,48,0,0,1.41667
4151339241,1,3,6000,3000,600,600,2999,2084,163,39,713,0,1.38333
4151339241,1,3,8000,3000,600,600,2999,1049,80,20,1850,0,1.41667
4151339241,1,3,10000,3000,600,600,3000,519,21,0,2460,0,1.38333
4151339241,1,4,3000,3000,600,600,3000,2598,397,5,0,0,1.45
4151339241,1,4,2000,3000,600,600,3000,2573,422,5,0,0,1.43333
4151339241,1,4,4000,3000,600,600,3000,2729,254,17,0,0,1.4
4151339241,1,4,6000,3000,600,600,2997,2324,465,208,0,0,1.43333
4151339241,1,4,8000,3000,600,600,2996,1280,1061,655,0,0,1.43333
4151339241,1,4,10000,3000,600,600,2998,886,1102,569,441,0,1.4
4151339241,1,5,3000,3000,600,600,2999,2712,239,48,0,0,1.4
4151339241,1,5,2000,3000,600,600,2999,2711,240,48,0,0,1.43333
4151339241,1,5,4000,3000,600,600,2999,2654,282,63,0,0,1.43333
4151339241,1,5,6000,3000,600,600,2999,2075,469,264,191,0,1.45
4151339241,1,5,8000,3000,600,600,2999,973,992,625,409,0,1.4
4151339241,1,5,10000,3000,600,600,3000,577,1025,605,793,0,1.31667
3785425139,1,1,3000,3000,600,600,3000,2622,373,5,0,0,1.41667
3785425139,1,1,2000,3000,600,600,3000,2622,373,5,0,0,1.41667
3785425139,1,1,4000,3000,600,600,3000,2622,373,5,0,0,1.43333
3785425139,1,1,6000,3000,600,600,3000,1392,87,0,1521,0,1.43333
3785425139,1,1,8000,3000,600,600,3000,804,23,0,2173,0,1.4
3785425139,1,1,10000,3000,600,600,3000,515,13,0,2472,0,1.43333
3785425139,1,2,3000,3000,600,600,2997,2229,509,259,0,0,1.48333
3785425139,1,2,2000,3000,600,600,2997,2229,509,259,0,0,1.45
3785425139,1,2,4000,3000,600,600,2997,2229,509,259,0,0,1.46667
3785425139,1,2,6000,3000,600,600,2997,2229,509,259,0,0,1.46667
3785425139,1,2,8000,3000,600,600,2997,2229,509,259,0,0,1.46667
3785425139,1,2,10000,3000,600,600,3000,704,14,0,2282,0,1.4
3785425139,1,3,3000,3000,600,600,2998,2737,213,48,0,0,1.4
3785425139,1,3,2000,3000,600,600,2998,2737,213,48,0,0,1.43333
3785425139,1,3,4000,3000,600,600,2998,2737,213,48,0,0,1.41667
3785425139,1,3,6000,3000,600,600,2999,2096,147,40,716,0,1.4
3785425139,1,3,8000,3000,600,600,2999,1052,70,16,1861,0,1.41667
3785425139,1,3,10000,3000,600,600,3000,515,13,0,2472,0,1.36667
3785425139,1,4,3000,3000,600,600,3000,2656,339,5,0,0,1.45
3785425139,1,4,2000,3000,600,600,3000,2622,373,5,0,0,1.41667
3785425139,1,4,4000,3000,600,600,2999,2778,210,11,0,0,1.41667
3785425139,1,4,6000,3000,600,600,2997,2305,504,188,0,0,1.43333
3785425139,1,4,8000,3000,600,600,2995,1332,1044,619,0,0,1.45
3785425139,1,4,10000,3000,600,600,2996,844,1159,576,417,0,1.43333
3785425139,1,5,3000,3000,600,600,2998,2739,211,48,0,0,1.41667
3785425139,1,5,2000,3000,600,600,2998,2737,213,48,0,0,1.4
3785425139,1,5,4000,3000,600,600,2998,2724,213,61,0,0,1.41667
3785425139,1,5,6000,3000,600,600,2997,2082,466,280,169,0,1.43333
3785425139,1,5,8000,3000,600,600,2995,987,968,667,373,0,1.41667
3785425139,1,5,10000,3000,600,600,2996,573,1041,628,754,0,1.4
3782364441,1,1,3000,3000,600,600,3000,2601,395,4,0,0,1.41667
3782364441,1,1,2000,3000,600,600,3000,2601,395,4,0,0,1.56667
3782364441,1,1,4000,3000,600,600,3000,2601,395,4,0,0,1.43333
3782364441,1,1,6000,3000,600,600,3000,1339,117,0,1544,0,1.6
3782364441,1,1,8000,3000,600,600,3000,750,40,0,2210,0,1.43333
3782364441,1,1,10000,3000,600,600,3000,472,15,0,2513,0,1.36667
3782364441,1,2,3000,3000,600,600,2998,2205,523,270,0,0,1.46667
3782364441,1,2,2000,3000,600,600,2998,2205,523,270,0,0,1.46667
3782364441,1,2,4000,3000,600,600,2998,2205,523,270,0,0,1.4
3782364441,1,2,6000,3000,600,600,2998,2205,523,270,0,0,1.55
3782364441,1,2,8000,3000,600,600,2998,2205,523,270,0,0,1.5
3782364441,1,2,10000,3000,600,600,3000,641,21,0,2338,0,1.5
3782364441,1,3,3000,3000,600,600,3000,2713,235,52,0,0,1.6
3782364441,1,3,2000,3000,600,600,3000,2713,235,52,0,0,1.4
3782364441,1,3,4000,3000,600,600,3000,2713,235,52,0,0,1.41667
3782364441,1,3,6000,3000,600,600,3000,2066,175,36,723,0,1.58333
3782364441,1,3,8000,3000,600,600,3000,987,84,21,1908,0,1.43333
3782364441,1,3,10000,3000,600,600,3000,472,15,0,2513,0,1.33333
3782364441,1,4,3000,3000,600,600,3000,2635,361,4,0,0,1.45
3782364441,1,4,2000,3000,600,600,3000,2601,395,4,0,0,1.4
3782364441,1,4,4000,3000,600,600,3000,2701,281,18,0,0,1.45
3782364441,1,4,6000,3000,600,600,2998,2305,495,198,0,0,1.48333
3782364441,1,4,8000,3000,600,600,2996,1280,1093,623,0,0,1.41667
3782364441,1,4,10000,3000,600,600,2995,840,1146,583,426,0,1.43333
3782364441,1,5,3000,3000,600,600,3000,2709,239,52,0,0,1.41667
3782364441,1,5,2000,3000,600,600,3000,2713,235,52,0,0,1.4
3782364441,1,5,4000,3000,600,600,3000,2684,242,74,0,0,1.38333
3782364441,1,5,6000,3000,600,600,2998,2064,477,274,183,0,1.41667
3782364441,1,5,8000,3000,600,600,2996,963,983,652,398,0,1.41667
3782364441,1,5,10000,3000,600,600,2995,540,1071,633,751,0,1.43333
1689104036,1,1,3000,3000,600,600,3000,2612,384,4,0,0,1.4
1689104036,1,1,2000,3000,600,600,3000,2612,384,4,0,0,1.41667
1689104036,1,1,4000,3000,600,600,3000,2612,384,4,0,0,1.38333
1689104036,1,1,6000,3000,600,600,3000,1360,115,1,1524,0,1.38333
1689104036,1,1,8000,3000,600,600,3000,797,41,0,2162,0,1.4
1689104036,1,1,10000,3000,600,600,3000,502,15,0,2483,0,1.38333
1689104036,1,2,3000,3000,600,600,2999,2244,485,270,0,0,1.5
1689104036,1,2,2000,3000,600,600,2999,2244,485,270,0,0,1.41667
1689104036,1,2,4000,3000,600,600,2999,2244,485,270,0,0,1.43333
1689104036,1,2,6000,3000,600,600,2999,2244,485,270,0,0,1.45
1689104036,1,2,8000,3000,600,600,2999,2244,485,270,0,0,1.43333
1689104036,1,2,10000,3000,600,600,3000,694,26,0,2280,0,1.33333
1689104036,1,3,3000,3000,600,600,3000,2680,258,62,0,0,1.4
1689104036,1,3,2000,3000,600,600,3000,2680,258,62,0,0,1.4
1689104036,1,3,4000,3000,600,600,3000,2680,258,62,0,0,1.41667
1689104036,1,3,6000,3000,600,600,3000,2034,193,54,719,0,1.46667
1689104036,1,3,8000,3000,600,600,3000,1011,98,28,1863,0,1.41667
1689104036,1,3,10000,3000,600,600,3000,502,15,0,2483,0,1.43333
1689104036,1,4,3000,3000,600,600,3000,2646,350,4,0,0,1.4
1689104036,1,4,2000,3000,600,600,3000,2612,384,4,0,0,1.4
1689104036,1,4,4000,3000,600,600,3000,2692,286,22,0,0,1.4
1689104036,1,4,6000,3000,600,600,3000,2313,467,220,0,0,1.45
1689104036,1,4,8000,3000,600,600,2996,1263,1099,634,0,0,1.48333
1689104036,1,4,10000,3000,600,600,2996,867,1122,557,450,0,1.4
1689104036,1,5,3000,3000,600,600,3000,2681,255,64,0,0,1.45
1689104036,1,5,2000,3000,600,600,3000,2680,258,62,0,0,1.41667
1689104036,1,5,4000,3000,600,600,3000,2671,252,77,0,0,1.38333
1689104036,1,5,6000,3000,600,600,2999,2053,475,257,214,0,1.43333
1689104036,1,5,8000,3000,600,600,2997,976,951,630,440,0,1.43333
1689104036,1,5,10000,3000,600,600,2997,572,1009,601,815,0,1.38333
3641190192,1,1,3000,3000,600,600,2998,2600,394,4,0,0,1.45
3641190192,1,1,2000,3000,600,600,2998,2600,394,4,0,0,1.43333
3641190192,1,1,4000,3000,600,600,2998,2600,394,4,0,0,1.38333
3641190192,1,1,6000,3000,600,600,2999,1386,125,0,1488,0,1.4
3641190192,1,1,8000,3000,600,600,3000,788,40,0,2172,0,1.38333
3641190192,1,1,10000,3000,600,600,3000,534,21,0,2445,0,1.38333
3641190192,1,2,3000,3000,600,600,2998,2245,486,267,0,0,1.33333
3641190192,1,2,2000,3000,600,600,2998,2245,486,267,0,0,1.45
3641190192,1,2,4000,3000,600,600,2998,2245,486,267,0,0,1.41667
3641190192,1,2,6000,3000,600,600,2998,2245,486,267,0,0,1.46667
3641190192,1,2,8000,3000,600,600,2998,2245,486,267,0,0,1.43333
3641190192,1,2,10000,3000,600,600,3000,711,28,0,2261,0,1.45
3641190192,1,3,3000,3000,600,600,2998,2718,229,51,0,0,1.46667
3641190192,1,3,2000,3000,600,600,2998,2718,229,51,0,0,1.43333
3641190192,1,3,4000,3000,600,600,2998,2718,229,51,0,0,1.45
3641190192,1,3,6000,3000,600,600,2999,2112,179,45,663,0,1.46667
3641190192,1,3,8000,3000,600,600,3000,1020,79,18,1883,0,1.43333
3641190192,1,3,10000,3000,600,600,3000,534,21,0,2445,0,1.43333
3641190192,1,4,3000,3000,600,600,2998,2660,334,4,0,0,1.48333
3641190192,1,4,2000,3000,600,600,2998,2600,394,4,0,0,1.45
3641190192,1,4,4000,3000,600,600,2998,2690,296,12,0,0,1.51667
3641190192,1,4,6000,3000,600,600,2998,2360,431,207,0,0,1.43333
3641190192,1,4,8000,3000,600,600,2996,1392,995,609,0,0,1.41667
3641190192,1,4,10000,3000,600,600,2996,893,1089,584,430,0,1.45
3641190192,1,5,3000,3000,600,600,2998,2730,215,53,0,0,1.43333
3641190192,1,5,2000,3000,600,600,2998,2718,229,51,0,0,1.43333
3641190192,1,5,4000,3000,600,600,2998,2706,229,63,0,0,1.48333
3641190192,1,5,6000,3000,600,600,2997,2064,463,291,179,0,1.43333
3641190192,1,5,8000,3000,600,600,2997,1011,942,627,417,0,1.41667
3641190192,1,5,10000,3000,600,600,2996,587,1027,626,756,0,1.46667
3919003883,1,1,3000,3000,600,600,2999,2625,368,6,0,0,1.3
3919003883,1,1,2000,3000,600,600,2999,2625,368,6,0,0,1.4
3919003883,1,1,4000,3000,600,600,2999,2625,368,6,0,0,1.43333
3919003883,1,1,6000,3000,600,600,3000,1369,120,0,1511,0,1.38333
3919003883,1,1,8000,3000,600,600,3000,781,31,0,2188,0,1.45
3919003883,1,1,10000,3000,600,600,3000,489,11,0,2500,0,1.46667
3919003883,1,2,3000,3000,600,600,2995,2241,473,281,0,0,1.46667
3919003883,1,2,2000,3000,600,600,2995,2241,473,281,0,0,1.43333
3919003883,1,2,4000,3000,600,600,2995,2241,473,281,0,0,1.43333
3919003883,1,2,6000,3000,600,600,2995,2241,473,281,0,0,1.4
3919003883,1,2,8000,3000,600,600,2995,2241,473,281,0,0,1.43333
3919003883,1,2,10000,3000,600,600,3000,680,22,0,2298,0,1.41667
3919003883,1,3,3000,3000,600,600,2996,2692,234,70,0,0,1.41667
3919003883,1,3,2000,3000,600,600,2996,2692,234,70,0,0,1.45
3919003883,1,3,4000,3000,600,600,2996,2692,234,70,0,0,1.4
3919003883,1,3,6000,3000,600,600,2996,2093,179,53,671,0,1.45
3919003883,1,3,8000,3000,600,600,2996,1014,81,33,1868,0,1.45
3919003883,1,3,10000,3000,600,600,3000,489,11,0,2500,0,1.41667
3919003883,1,4,3000,3000,600,600,2999,2657,335,7,0,0,1.43333
3919003883,1,4,2000,3000,600,600,2999,2625,368,6,0,0,1.41667
3919003883,1,4,4000,3000,600,600,2999,2702,276,21,0,0,1.46667
3919003883,1,4,6000,3000,600,600,2995,2358,428,209,0,0,1.46667
3919003883,1,4,8000,3000,600,600,2995,1309,1052,634,0,0,1.45
3919003883,1,4,10000,3000,600,600,2999,885,1113,581,420,0,1.5
3919003883,1,5,3000,3000,600,600,2996,2695,231,70,0,0,1.38333
3919003883,1,5,2000,3000,600,600,2996,2692,234,70,0,0,1.45
3919003883,1,5,4000,3000,600,600,2996,2657,257,82,0,0,1.58333
3919003883,1,5,6000,3000,600,600,2996,2117,424,259,196,0,1.53333
3919003883,1,5,8000,3000,600,600,2994,1000,950,624,420,0,1.43333
3919003883,1,5,10000,3000,600,600,2997,584,1027,583,803,0,1.43333
867611698,1,1,3000,3000,600,600,2999,2594,401,4,0,0,1.43333
867611698,1,1,2000,3000,600,600,2999,2594,401,4,0,0,1.48333
867611698,1,1,4000,3000,600,600,2999,2594,401,4,0,0,1.48333
867611698,1,1,6000,3000,600,600,3000,1374,121,3,1502,0,1.46667
867611698,1,1,8000,3000,600,600,3000,793,33,1,2173,0,1.4
867611698,1,1,10000,3000,600,600,3000,503,9,0,2488,0,1.43333
867611698,1,2,3000,3000,600,600,2995,2227,492,276,0,0,1.4
867611698,1,2,2000,3000,600,600,2995,2227,492,276,0,0,1.46667
867611698,1,2,4000,3000,600,600,2995,2227,492,276,0,0,1.41667
867611698,1,2,6000,3000,600,600,2995,2227,492,276,0,0,1.48333
867611698,1,2,8000,3000,600,600,2995,2227,492,276,0,0,1.43333
867611698,1,2,10000,3000,600,600,3000,695,20,3,2282,0,1.45
867611698,1,3,3000,3000,600,600,2997,2717,228,52,0,0,1.41667
867611698,1,3,2000,3000,600,600,2997,2717,228,52,0,0,1.48333
867611698,1,3,4000,3000,600,600,2997,2717,228,52,0,0,1.43333
867611698,1,3,6000,3000,600,600,2998,2134,170,45,649,0,1.4
867611698,1,3,8000,3000,600,600,2998,1051,64,19,1864,0,1.41667
867611698,1,3,10000,3000,600,600,3000,503,9,0,2488,0,1.43333
867611698,1,4,3000,3000,600,600,2999,2636,359,4,0,0,1.36667
867611698,1,4,2000,3000,600,600,2999,2594,401,4,0,0,1.41667
867611698,1,4,4000,3000,600,600,2999,2711,274,14,0,0,1.53333
867611698,1,4,6000,3000,600,600,2995,2390,405,200,0,0,1.43333
867611698,1,4,8000,3000,600,600,2994,1331,1050,613,0,0,1.41667
867611698,1,4,10000,3000,600,600,2997,865,1120,600,412,0,1.45
867611698,1,5,3000,3000,600,600,2997,2720,225,52,0,0,1.45
867611698,1,5,2000,3000,600,600,2997,2717,228,52,0,0,1.48333
867611698,1,5,4000,3000,600,600,2997,2708,218,71,0,0,1.41667
867611698,1,5,6000,3000,600,600,2992,2107,453,262,170,0,1.43333
867611698,1,5,8000,3000,600,600,2993,973,988,636,396,0,1.41667
867611698,1,5,10000,3000,600,600,2995,546,1043,624,782,0,1.45
3923373661,1,1,3000,3000,600,600,3000,2605,390,5,0,0,1.45
3923373661,1,1,2000,3000,600,600,3000,2605,390,5,0,0,1.45
3923373661,1,1,4000,3000,600,600,3000,2605,390,5,0,0,1.4
3923373661,1,1,6000,3000,600,600,3000,1328,118,3,1551,0,1.46667
3923373661,1,1,8000,3000,600,600,3000,781,33,0,2186,0,1.4
3923373661,1,1,10000,3000,600,600,3000,514,20,0,2466,0,1.48333
3923373661,1,2,3000,3000,600,600,2998,2237,485,276,0,0,1.41667
3923373661,1,2,2000,3000,600,600,2998,2237,485,276,0,0,1.46667
3923373661,1,2,4000,3000,600,600,2998,2237,485,276,0,0,1.46667
3923373661,1,2,6000,3000,600,600,2998,2238,484,276,0,0,1.45
3923373661,1,2,8000,3000,600,600,2998,2238,484,276,0,0,1.6
3923373661,1,2,10000,3000,600,600,3000,688,26,0,2286,0,1.48333
3923373661,1,3,3000,3000,600,600,2999,2689,250,60,0,0,1.38333
3923373661,1,3,2000,3000,600,600,2999,2689,250,60,0,0,1.48333
3923373661,1,3,4000,3000,600,600,2999,2689,250,60,0,0,1.45
3923373661,1,3,6000,3000,600,600,2999,2017,185,50,747,0,1.41667
3923373661,1,3,8000,3000,600,600,3000,1031,77,22,1870,0,1.43333
3923373661,1,3,10000,3000,600,600,3000,514,20,0,2466,0,1.41667
3923373661,1,4,3000,3000,600,600,3000,2642,352,6,0,0,1.46667
3923373661,1,4,2000,3000,600,600,3000,2605,390,5,0,0,1.45
3923373661,1,4,4000,3000,600,600,3000,2698,285,17,0,0,1.46667
3923373661,1,4,6000,3000,600,600,2998,2329,448,221,0,0,1.43333
3923373661,1,4,8000,3000,600,600,2994,1271,1085,638,0,0,1.46667
3923373661,1,4,10000,3000,600,600,2995,859,1129,584,423,0,1.45
3923373661,1,5,3000,3000,600,600,2999,2691,246,62,0,0,1.5
3923373661,1,5,2000,3000,600,600,2999,2689,250,60,0,0,1.43333
3923373661,1,5,4000,3000,600,600,2999,2681,248,70,0,0,1.43333
3923373661,1,5,6000,3000,600,600,2996,2086,437,275,198,0,1.46667
3923373661,1,5,8000,3000,600,600,2997,978,958,651,410,0,1.48333
3923373661,1,5,10000,3000,600,600,2997,538,1066,642,751,0,1.51667
3135636664,1,1,3000,3000,600,600,2998,2575,417,6,0,0,1.45
3135636664,1,1,2000,3000,600,600,2998,2575,417,6,0,0,1.45
3135636664,1,1,4000,3000,600,600,2998,2575,417,6,0,0,1.56667
3135636664,1,1,6000,3000,600,600,2999,1354,146,0,1499,0,1.5
3135636664,1,1,8000,3000,600,600,3000,796,57,0,2147,0,1.41667
3135636664,1,1,10000,3000,600,600,3000,517,22,0,2461,0,1.41667
3135636664,1,2,3000,3000,600,600,2997,2241,485,271,0,0,1.35
3135636664,1,2,2000,3000,600,600,2997,2241,485,271,0,0,1.41667
3135636664,1,2,4000,3000,600,600,2997,2241,485,271,0,0,1.43333
3135636664,1,2,6000,3000,600,600,2997,2241,485,271,0,0,1.43333
3135636664,1,2,8000,3000,600,600,2997,2241,485,271,0,0,1.41667
3135636664,1,2,10000,3000,600,600,3000,704,42,0,2254,0,1.46667
3135636664,1,3,3000,3000,600,600,2997,2692,255,50,0,0,1.45
3135636664,1,3,2000,3000,600,600,2997,2692,255,50,0,0,1.46667
3135636664,1,3,4000,3000,600,600,2997,2692,255,50,0,0,1.45
3135636664,1,3,6000,3000,600,600,2997,2105,211,44,637,0,1.41667
3135636664,1,3,8000,3000,600,600,2999,1018,108,28,1845,0,1.4
3135636664,1,3,10000,3000,600,600,3000,517,22,0,2461,0,1.41667
3135636664,1,4,3000,3000,600,600,2998,2617,375,6,0,0,1.43333
3135636664,1,4,2000,3000,600,600,2998,2575,417,6,0,0,1.43333
3135636664,1,4,4000,3000,600,600,2998,2716,269,13,0,0,1.45
3135636664,1,4,6000,3000,600,600,2997,2335,457,205,0,0,1.46667
3135636664,1,4,8000,3000,600,600,2994,1352,1010,632,0,0,1.48333
3135636664,1,4,10000,3000,600,600,2992,862,1107,630,393,0,1.45
3135636664,1,5,3000,3000,600,600,2997,2696,250,51,0,0,1.5
3135636664,1,5,2000,3000,600,600,2997,2692,255,50,0,0,1.48333
3135636664,1,5,4000,3000,600,600,2997,2693,227,77,0,0,1.6
3135636664,1,5,6000,3000,600,600,2996,2066,458,274,198,0,1.6
3135636664,1,5,8000,3000,600,600,2994,1005,913,643,433,0,1.45
3135636664,1,5,10000,3000,600,600,2994,545,1043,636,770,0,1.45
2859789091,1,1,3000,3000,600,600,3000,2627,371,2,0,0,1.33333
2859789091,1,1,2000,3000,600,600,3000,2627,371,2,0,0,1.43333
2859789091,1,1,4000,3000,600,600,3000,2627,371,2,0,0,1.45
2859789091,1,1,6000,3000,600,600,3000,1376,122,0,1502,0,1.48333
2859789091,1,1,8000,3000,600,600,3000,843,47,0,2110,0,1.46667
2859789091,1,1,10000,3000,600,600,3000,529,23,0,2448,0,1.4
2859789091,1,2,3000,3000,600,600,2998,2199,547,252,0,0,1.45
2859789091,1,2,2000,3000,600,600,2998,2199,547,252,0,0,1.45
2859789091,1,2,4000,3000,600,600,2998,2199,547,252,0,0,1.43333
2859789091,1,2,6000,3000,600,600,2998,2199,547,252,0,0,1.45
2859789091,1,2,8000,3000,600,600,2998,2199,547,252,0,0,1.43333
2859789091,1,2,10000,3000,600,600,3000,760,39,0,2201,0,1.41667
2859789091,1,3,3000,3000,600,600,2998,2730,231,37,0,0,1.45
2859789091,1,3,2000,3000,600,600,2998,2730,231,37,0,0,1.46667
2859789091,1,3,4000,3000,600,600,2998,2730,231,37,0,0,1.48333
2859789091,1,3,6000,3000,600,600,2998,2135,171,30,662,0,1.43333
2859789091,1,3,8000,3000,600,600,2998,1104,78,15,1801,0,1.43333
2859789091,1,3,10000,3000,600,600,3000,529,23,0,2448,0,1.45
2859789091,1,4,3000,3000,600,600,3000,2658,338,4,0,0,1.46667
2859789091,1,4,2000,3000,600,600,3000,2627,371,2,0,0,1.48333
2859789091,1,4,4000,3000,600,600,2999,2733,255,11,0,0,1.43333
2859789091,1,4,6000,3000,600,600,2998,2368,450,180,0,0,1.45
2859789091,1,4,8000,3000,600,600,2997,1374,1025,598,0,0,1.46667
2859789091,1,4,10000,3000,600,600,2997,895,1108,589,405,0,1.45
2859789091,1,5,3000,3000,600,600,2998,2732,227,39,0,0,1.33333
2859789091,1,5,2000,3000,600,600,2998,2730,231,37,0,0,1.46667
2859789091,1,5,4000,3000,600,600,2998,2744,197,57,0,0,1.5
2859789091,1,5,6000,3000,600,600,2998,2123,425,250,200,0,1.46667
2859789091,1,5,8000,3000,600,600,2996,1012,944,640,400,0,1.46667
2859789091,1,5,10000,3000,600,600,2997,617,1002,606,772,0,1.46667
2839349058,1,1,3000,3000,600,600,2999,2608,388,3,0,0,1.56667
2839349058,1,1,2000,3000,600,600,2999,2608,388,3,0,0,1.53333
2839349058,1,1,4000,3000,600,600,2999,2608,388,3,0,0,1.45
2839349058,1,1,6000,3000,600,600,3000,1347,124,0,1529,0,1.43333
2839349058,1,1,8000,3000,600,600,3000,800,51,0,2149,0,1.6
2839349058,1,1,10000,3000,600,600,3000,541,19,0,2440,0,1.43333
2839349058,1,2,3000,3000,600,600,2995,2267,456,272,0,0,1.6
2839349058,1,2,2000,3000,600,600,2995,2267,456,272,0,0,1.46667
2839349058,1,2,4000,3000,600,600,2995,2267,456,272,0,0,1.6
2839349058,1,2,6000,3000,600,600,2995,2267,456,272,0,0,1.48333
2839349058,1,2,8000,3000,600,600,2995,2267,456,272,0,0,1.48333
2839349058,1,2,10000,3000,600,600,3000,705,30,0,2265,0,1.41667
2839349058,1,3,3000,3000,600,600,2998,2725,223,50,0,0,1.6
2839349058,1,3,2000,3000,600,600,2998,2725,223,50,0,0,1.45
2839349058,1,3,4000,3000,600,600,2998,2725,223,50,0,0,1.46667
2839349058,1,3,6000,3000,600,600,2998,2088,175,37,698,0,1.43333
2839349058,1,3,8000,3000,600,600,2998,1041,93,7,1857,0,1.43333
2839349058,1,3,10000,3000,600,600,3000,541,19,0,2440,0,1.41667
2839349058,1,4,3000,3000,600,600,2999,2639,357,3,0,0,1.48333
2839349058,1,4,2000,3000,600,600,2999,2608,388,3,0,0,1.55
2839349058,1,4,4000,3000,600,600,2999,2730,254,15,0,0,1.63333
2839349058,1,4,6000,3000,600,600,2996,2350,445,201,0,0,1.5
2839349058,1,4,8000,3000,600,600,2993,1268,1088,637,0,0,1.48333
2839349058,1,4,10000,3000,600,600,2995,852,1141,580,422,0,1.53333
2839349058,1,5,3000,3000,600,600,2997,2732,215,50,0,0,1.45
2839349058,1,5,2000,3000,600,600,2998,2725,223,50,0,0,1.45
2839349058,1,5,4000,3000,600,600,2997,2710,218,69,0,0,1.48333
2839349058,1,5,6000,3000,600,600,2995,2083,459,275,178,0,1.48333
2839349058,1,5,8000,3000,600,600,2993,996,963,627,407,0,1.45
2839349058,1,5,10000,3000,600,600,2995,541,1061,605,788,0,1.48333
3667667271,1,1,3000,3000,600,600,2998,2578,418,2,0,0,1.46667
3667667271,1,1,2000,3000,600,600,2998,2578,418,2,0,0,1.5
3667667271,1,1,4000,3000,600,600,2998,2578,418,2,0,0,1.53333
3667667271,1,1,6000,3000,600,600,2999,1362,121,1,1515,0,1.43333
3667667271,1,1,8000,3000,600,600,2999,814,48,0,2137,0,1.46667
3667667271,1,1,10000,3000,600,600,2999,521,19,0,2459,0,1.43333
3667667271,1,2,3000,3000,600,600,2997,2270,471,256,0,0,1.6
3667667271,1,2,2000,3000,600,600,2997,2270,471,256,0,0,1.41667
3667667271,1,2,4000,3000,600,600,2997,2270,471,256,0,0,1.46667
3667667271,1,2,6000,3000,600,600,2997,2270,471,256,0,0,1.51667
3667667271,1,2,8000,3000,600,600,2997,2270,471,256,0,0,1.43333
3667667271,1,2,10000,3000,600,600,2999,735,36,1,2227,0,1.38333
3667667271,1,3,3000,3000,600,600,2998,2712,230,56,0,0,1.46667
3667667271,1,3,2000,3000,600,600,2998,2712,230,56,0,0,1.4
3667667271,1,3,4000,3000,600,600,2998,2712,230,56,0,0,1.51667
3667667271,1,3,6000,3000,600,600,2998,2116,168,45,669,0,1.48333
3667667271,1,3,8000,3000,600,600,2999,1072,80,24,1823,0,1.43333
3667667271,1,3,10000,3000,600,600,2999,521,19,0,2459,0,1.45
3667667271,1,4,3000,3000,600,600,2998,2608,387,3,0,0,1.56667
3667667271,1,4,2000,3000,600,600,2998,2578,418,2,0,0,1.5
3667667271,1,4,4000,3000,600,600,2998,2701,285,12,0,0,1.46667
3667667271,1,4,6000,3000,600,600,2997,2339,462,196,0,0,1.58333
3667667271,1,4,8000,3000,600,600,2995,1303,1055,637,0,0,1.46667
3667667271,1,4,10000,3000,600,600,2997,862,1126,601,408,0,1.51667
3667667271,1,5,3000,3000,600,600,2998,2717,225,56,0,0,1.46667
3667667271,1,5,2000,3000,600,600,2998,2712,230,56,0,0,1.56667
3667667271,1,5,4000,3000,600,600,2997,2715,216,66,0,0,1.48333
3667667271,1,5,6000,3000,600,600,2996,2117,410,273,196,0,1.46667
3667667271,1,5,8000,3000,600,600,2995,947,979,659,410,0,1.5
3667667271,1,5,10000,3000,600,600,2996,581,1043,611,761,0,1.45
787835434,1,1,3000,3000,600,600,3000,2595,398,7,0,0,1.46667
787835434,1,1,2000,3000,600,600,3000,2595,398,7,0,0,1.45
787835434,1,1,4000,3000,600,600,3000,2595,398,7,0,0,1.51667
787835434,1,1,6000,3000,600,600,3000,1369,122,3,1506,0,1.43333
787835434,1,1,8000,3000,600,600,3000,776,40,0,2184,0,1.41667
787835434,1,1,10000,3000,600,600,3000,481,25,0,2494,0,1.43333
787835434,1,2,3000,3000,600,600,2997,2257,481,259,0,0,1.46667
787835434,1,2,2000,3000,600,600,2997,2258,480,259,0,0,1.46667
787835434,1,2,4000,3000,600,600,2997,2257,481,259,0,0,1.6
787835434,1,2,6000,3000,600,600,2997,2257,481,259,0,0,1.5
787835434,1,2,8000,3000,600,600,2997,2257,481,259,0,0,1.41667
787835434,1,2,10000,3000,600,600,3000,675,31,0,2294,0,1.53333
787835434,1,3,3000,3000,600,600,2998,2683,248,67,0,0,1.51667
787835434,1,3,2000,3000,600,600,2998,2683,248,67,0,0,1.45
787835434,1,3,4000,3000,600,600,2998,2683,248,67,0,0,1.61667
787835434,1,3,6000,3000,600,600,2998,2089,185,56,668,0,1.46667
787835434,1,3,8000,3000,600,600,2998,1017,84,28,1869,0,1.4
787835434,1,3,10000,3000,600,600,3000,481,25,0,2494,0,1.48333
787835434,1,4,3000,3000,600,600,3000,2629,363,8,0,0,1.43333
787835434,1,4,2000,3000,600,600,3000,2595,398,7,0,0,1.45
787835434,1,4,4000,3000,600,600,3000,2697,283,20,0,0,1.5
787835434,1,4,6000,3000,600,600,2997,2356,441,200,0,0,1.45
787835434,1,4,8000,3000,600,600,2997,1316,1085,596,0,0,1.6
787835434,1,4,10000,3000,600,600,2994,887,1106,586,415,0,1.48333
787835434,1,5,3000,3000,600,600,2998,2682,248,68,0,0,1.6
787835434,1,5,2000,3000,600,600,2998,2683,248,67,0,0,1.61667
787835434,1,5,4000,3000,600,600,2998,2650,257,91,0,0,1.46667
787835434,1,5,6000,3000,600,600,2997,2089,458,265,185,0,1.56667
787835434,1,5,8000,3000,600,600,2996,1029,934,630,403,0,1.38333
787835434,1,5,10000,3000,600,600,2995,565,1037,610,783,0,1.43333
2729187553,1,1,3000,3000,600,600,3000,2633,361,6,0,0,1.6
2729187553,1,1,2000,3000,600,600,3000,2633,361,6,0,0,1.51667
2729187553,1,1,4000,3000,600,600,3000,2633,361,6,0,0,1.61667
2729187553,1,1,6000,3000,600,600,3000,1362,116,2,1520,0,1.43333
2729187553,1,1,8000,3000,600,600,3000,775,40,2,2183,0,1.55
2729187553,1,1,10000,3000,600,600,3000,506,20,1,2473,0,1.38333
2729187553,1,2,3000,3000,600,600,2996,2262,472,262,0,0,1.48333
2729187553,1,2,2000,3000,600,600,2996,2262,472,262,0,0,1.43333
2729187553,1,2,4000,3000,600,600,2996,2262,472,262,0,0,1.43333
2729187553,1,2,6000,3000,600,600,2996,2262,472,262,0,0,1.45
2729187553,1,2,8000,3000,600,600,2996,2262,472,262,0,0,1.48333
2729187553,1,2,10000,3000,600,600,3000,674,28,2,2296,0,1.4
2729187553,1,3,3000,3000,600,600,2999,2696,246,57,0,0,1.4
2729187553,1,3,2000,3000,600,600,2999,2696,246,57,0,0,1.41667
2729187553,1,3,4000,3000,600,600,2999,2696,246,57,0,0,1.5
2729187553,1,3,6000,3000,600,600,2999,2072,182,41,704,0,1.43333
2729187553,1,3,8000,3000,600,600,3000,1005,98,14,1883,0,1.48333
2729187553,1,3,10000,3000,600,600,3000,506,20,1,2473,0,1.41667
2729187553,1,4,3000,3000,600,600,3000,2664,330,6,0,0,1.48333
2729187553,1,4,2000,3000,600,600,3000,2633,361,6,0,0,1.46667
2729187553,1,4,4000,3000,600,600,2999,2730,253,16,0,0,1.43333
2729187553,1,4,6000,3000,600,600,2997,2379,424,194,0,0,1.46667
2729187553,1,4,8000,3000,600,600,2995,1315,1099,581,0,0,1.41667
2729187553,1,4,10000,3000,600,600,2996,856,1156,555,429,0,1.56667
2729187553,1,5,3000,3000,600,600,2999,2696,246,57,0,0,1.46667
2729187553,1,5,2000,3000,600,600,2999,2696,246,57,0,0,1.43333
2729187553,1,5,4000,3000,600,600,2999,2690,240,69,0,0,1.55
2729187553,1,5,6000,3000,600,600,2997,2105,449,265,178,0,1.5
2729187553,1,5,8000,3000,600,600,2996,1016,968,610,402,0,1.43333
2729187553,1,5,10000,3000,600,600,2996,551,1075,584,786,0,1.41667
3161348635,1,1,3000,3000,600,600,3000,2564,431,5,0,0,1.45
3161348635,1,1,2000,3000,600,600,3000,2564,431,5,0,0,1.48333
3161348635,1,1,4000,3000,600,600,3000,2564,431,5,0,0,1.46667
3161348635,1,1,6000,3000,600,600,3000,1344,138,0,1518,0,1.4
3161348635,1,1,8000,3000,600,600,3000,774,57,0,2169,0,1.46667
3161348635,1,1,10000,3000,600,600,3000,494,30,0,2476,0,1.4
3161348635,1,2,3000,3000,600,600,2998,2238,483,277,0,0,1.41667
3161348635,1,2,2000,3000,600,600,2998,2238,483,277,0,0,1.48333
3161348635,1,2,4000,3000,600,600,2998,2238,483,277,0,0,1.45
3161348635,1,2,6000,3000,600,600,2998,2238,483,277,0,0,1.41667
3161348635,1,2,8000,3000,600,600,2998,2238,483,277,0,0,1.45
3161348635,1,2,10000,3000,600,600,3000,678,32,0,2290,0,1.45
3161348635,1,3,3000,3000,600,600,2999,2708,240,51,0,0,1.5
3161348635,1,3,2000,3000,600,600,2999,2708,240,51,0,0,1.53333
3161348635,1,3,4000,3000,600,600,2999,2708,240,51,0,0,1.45
3161348635,1,3,6000,3000,600,600,2999,2097,180,36,686,0,1.36667
3161348635,1,3,8000,3000,600,600,2999,1011,87,14,1887,0,1.45
3161348635,1,3,10000,3000,600,600,3000,494,30,0,2476,0,1.38333
3161348635,1,4,3000,3000,600,600,3000,2613,382,5,0,0,1.43333
3161348635,1,4,2000,3000,600,600,3000,2564,431,5,0,0,1.43333
3161348635,1,4,4000,3000,600,600,3000,2714,265,21,0,0,1.45
3161348635,1,4,6000,3000,600,600,2998,2348,434,216,0,0,1.5
3161348635,1,4,8000,3000,600,600,2997,1282,1059,656,0,0,1.41667
3161348635,1,4,10000,3000,600,600,2997,851,1100,582,464,0,1.46667
3161348635,1,5,3000,3000,600,600,2999,2710,237,52,0,0,1.48333
3161348635,1,5,2000,3000,600,600,2999,2708,240,51,0,0,1.56667
3161348635,1,5,4000,3000,600,600,2999,2684,249,66,0,0,1.5
3161348635,1,5,6000,3000,600,600,2998,2064,469,265,200,0,1.45
3161348635,1,5,8000,3000,600,600,2996,926,966,659,445,0,1.51667
3161348635,1,5,10000,3000,600,600,2997,537,1046,608,806,0,1.53333
293291431,1,1,3000,3000,600,600,3000,2586,404,10,0,0,1.51667
293291431,1,1,2000,3000,600,600,3000,2586,404,10,0,0,1.46667
293291431,1,1,4000,3000,600,600,3000,2586,404,10,0,0,1.48333
293291431,1,1,6000,3000,600,600,3000,1346,108,2,1544,0,1.46667
293291431,1,1,8000,3000,600,600,3000,779,38,0,2183,0,1.43333
293291431,1,1,10000,3000,600,600,3000,521,17,0,2462,0,1.48333
293291431,1,2,3000,3000,600,600,2999,2214,504,281,0,0,1.45
293291431,1,2,2000,3000,600,600,2999,2214,504,281,0,0,1.46667
293291431,1,2,4000,3000,600,600,2999,2214,504,281,0,0,1.46667
293291431,1,2,6000,3000,600,600,2999,2214,504,281,0,0,1.41667
293291431,1,2,8000,3000,600,600,2999,2214,504,281,0,0,1.5
293291431,1,2,10000,3000,600,600,3000,709,21,1,2269,0,1.41667
293291431,1,3,3000,3000,600,600,3000,2686,260,54,0,0,1.48333
293291431,1,3,2000,3000,600,600,3000,2686,260,54,0,0,1.51667
293291431,1,3,4000,3000,600,600,3000,2686,260,54,0,0,1.5
293291431,1,3,6000,3000,600,600,3000,2054,189,46,711,0,1.48333
293291431,1,3,8000,3000,600,600,3000,989,93,16,1902,0,1.48333
293291431,1,3,10000,3000,600,600,3000,521,17,0,2462,0,1.48333
293291431,1,4,3000,3000,600,600,3000,2628,362,10,0,0,1.56667
293291431,1,4,2000,3000,600,600,3000,2586,404,10,0,0,1.5
293291431,1,4,4000,3000,600,600,3000,2685,289,26,0,0,1.55
293291431,1,4,6000,3000,600,600,3000,2302,473,225,0,0,1.5
293291431,1,4,8000,3000,600,600,2998,1325,1031,642,0,0,1.48333
293291431,1,4,10000,3000,600,600,2998,858,1110,588,442,0,1.41667
293291431,1,5,3000,3000,600,600,3000,2686,258,56,0,0,1.41667
293291431,1,5,2000,3000,600,600,3000,2686,260,54,0,0,1.45
293291431,1,5,4000,3000,600,600,3000,2675,249,76,0,0,1.41667
293291431,1,5,6000,3000,600,600,3000,2046,464,292,198,0,1.48333
293291431,1,5,8000,3000,600,600,2998,984,950,665,399,0,1.46667
293291431,1,5,10000,3000,600,600,2997,566,1040,611,780,0,1.46667