RunSeed,Seed,Algoritmo,Radius,nDevices,appPeriodSeconds,simulationTime,PHYTotal,PHYSuccessful,PHYInterfered,PHYNoMoreReceivers,PHYUnderSensitivity,PHYLostBecauseTX,SimulationDuration,targetRealocation
3344120293,1,7,3000,3000,600,600,2995,2344,404,247,0,0,2.83333,0
3344120293,1,7,3000,3000,600,600,2995,2357,393,245,0,0,2.78333,1
3344120293,1,7,3000,3000,600,600,2995,2377,383,235,0,0,2.8,5
3344120293,1,7,3000,3000,600,600,2995,2393,372,230,0,0,2.81667,10
3344120293,1,7,3000,3000,600,600,2995,2422,358,215,0,0,2.56667,20
3344120293,1,7,3000,3000,600,600,2995,2511,322,162,0,0,2.6,50
3344120293,1,7,3000,3000,600,600,2995,2527,315,153,0,0,2.55,60
3344120293,1,7,3000,3000,600,600,2997,2606,280,111,0,0,2.58333,80
88355565,1,7,3000,3000,600,600,2998,2247,458,293,0,0,2.56667,0
88355565,1,7,3000,3000,600,600,2998,2259,449,290,0,0,2.56667,1
88355565,1,7,3000,3000,600,600,2998,2303,418,277,0,0,2.58333,5
88355565,1,7,3000,3000,600,600,2998,2327,407,264,0,0,2.58333,10
88355565,1,7,3000,3000,600,600,2998,2368,386,244,0,0,2.58333,20
88355565,1,7,3000,3000,600,600,2998,2482,336,180,0,0,2.6,50
88355565,1,7,3000,3000,600,600,2998,2519,318,161,0,0,2.63333,60
88355565,1,7,3000,3000,600,600,2998,2565,302,131,0,0,2.53333,80
4147577585,1,7,3000,3000,600,600,2998,2333,410,255,0,0,2.56667,0
4147577585,1,7,3000,3000,600,600,2998,2346,403,249,0,0,2.55,1
4147577585,1,7,3000,3000,600,600,2998,2363,392,243,0,0,2.53333,5
4147577585,1,7,3000,3000,600,600,2998,2387,379,232,0,0,2.51667,10
4147577585,1,7,3000,3000,600,600,2998,2424,365,209,0,0,2.56667,20
4147577585,1,7,3000,3000,600,600,2998,2514,323,161,0,0,2.56667,50
4147577585,1,7,3000,3000,600,600,2998,2525,326,147,0,0,2.53333,60
4147577585,1,7,3000,3000,600,600,2998,2586,297,115,0,0,2.53333,80
2686331185,1,7,3000,3000,600,600,2999,2269,442,288,0,0,2.58333,0
2686331185,1,7,3000,3000,600,600,2999,2279,433,287,0,0,2.55,1
2686331185,1,7,3000,3000,600,600,2999,2306,414,279,0,0,2.55,5
2686331185,1,7,3000,3000,600,600,2999,2333,404,262,0,0,2.56667,10
2686331185,1,7,3000,3000,600,600,2998,2357,399,242,0,0,2.56667,20
2686331185,1,7,3000,3000,600,600,2998,2481,340,177,0,0,2.6,50
2686331185,1,7,3000,3000,600,600,2998,2515,325,158,0,0,2.58333,60
2686331185,1,7,3000,3000,600,600,2998,2540,333,125,0,0,2.55,80
2248228500,1,7,3000,3000,600,600,2999,2333,406,260,0,0,2.55,0
2248228500,1,7,3000,3000,600,600,2999,2339,400,260,0,0,2.58333,1
2248228500,1,7,3000,3000,600,600,2999,2363,386,250,0,0,2.55,5
2248228500,1,7,3000,3000,600,600,2999,2383,378,238,0,0,2.53333,10
2248228500,1,7,3000,3000,600,600,2999,2426,358,215,0,0,2.6,20
2248228500,1,7,3000,3000,600,600,2999,2492,352,155,0,0,2.53333,50
2248228500,1,7,3000,3000,600,600,2999,2527,328,144,0,0,2.56667,60
2248228500,1,7,3000,3000,600,600,2999,2606,286,107,0,0,2.75,80
519201943,1,7,3000,3000,600,600,2997,2260,440,297,0,0,2.56667,0
519201943,1,7,3000,3000,600,600,2997,2267,436,294,0,0,2.56667,1
519201943,1,7,3000,3000,600,600,2997,2302,410,285,0,0,2.55,5
519201943,1,7,3000,3000,600,600,2997,2313,410,274,0,0,2.56667,10
519201943,1,7,3000,3000,600,600,2997,2345,391,261,0,0,2.56667,20
519201943,1,7,3000,3000,600,600,2997,2475,343,179,0,0,2.51667,50
519201943,1,7,3000,3000,600,600,2997,2494,342,161,0,0,2.56667,60
519201943,1,7,3000,3000,600,600,2998,2553,316,129,0,0,2.53333,80
3439457781,1,7,3000,3000,600,600,2999,2282,440,277,0,0,2.55,0
3439457781,1,7,3000,3000,600,600,2999,2290,434,275,0,0,2.71667,1
3439457781,1,7,3000,3000,600,600,2999,2316,417,266,0,0,2.6,5
3439457781,1,7,3000,3000,600,600,2999,2327,414,258,0,0,2.56667,10
3439457781,1,7,3000,3000,600,600,2999,2371,391,237,0,0,2.58333,20
3439457781,1,7,3000,3000,600,600,2998,2467,352,179,0,0,2.58333,50
3439457781,1,7,3000,3000,600,600,2998,2497,340,161,0,0,2.53333,60
3439457781,1,7,3000,3000,600,600,2999,2559,314,126,0,0,2.53333,80
962779714,1,7,3000,3000,600,600,2998,2258,469,271,0,0,2.51667,0
962779714,1,7,3000,3000,600,600,2998,2273,455,270,0,0,2.56667,1
962779714,1,7,3000,3000,600,600,2998,2301,431,266,0,0,2.55,5
962779714,1,7,3000,3000,600,600,2997,2318,425,254,0,0,2.55,10
962779714,1,7,3000,3000,600,600,2997,2350,412,235,0,0,2.8,20
962779714,1,7,3000,3000,600,600,2997,2433,382,182,0,0,2.56667,50
962779714,1,7,3000,3000,600,600,2997,2480,361,156,0,0,2.53333,60
962779714,1,7,3000,3000,600,600,2999,2527,359,113,0,0,2.58333,80
1495084622,1,7,3000,3000,600,600,3000,2330,414,256,0,0,2.56667,0
1495084622,1,7,3000,3000,600,600,3000,2338,406,256,0,0,2.55,1
1495084622,1,7,3000,3000,600,600,3000,2362,386,252,0,0,2.56667,5
1495084622,1,7,3000,3000,600,600,3000,2383,374,243,0,0,2.55,10
1495084622,1,7,3000,3000,600,600,3000,2436,349,215,0,0,2.56667,20
1495084622,1,7,3000,3000,600,600,3000,2525,316,159,0,0,2.55,50
1495084622,1,7,3000,3000,600,600,3000,2569,284,147,0,0,2.58333,60
1495084622,1,7,3000,3000,600,600,3000,2613,271,116,0,0,2.71667,80
3909453082,1,7,3000,3000,600,600,2998,2273,457,268,0,0,2.56667,0
3909453082,1,7,3000,3000,600,600,2998,2280,451,267,0,0,2.6,1
3909453082,1,7,3000,3000,600,600,2998,2305,432,261,0,0,2.56667,5
3909453082,1,7,3000,3000,600,600,2998,2330,419,249,0,0,2.55,10
3909453082,1,7,3000,3000,600,600,2999,2372,402,225,0,0,2.55,20
3909453082,1,7,3000,3000,600,600,2999,2495,339,165,0,0,2.55,50
3909453082,1,7,3000,3000,600,600,2999,2520,327,152,0,0,2.56667,60
3909453082,1,7,3000,3000,600,600,2999,2577,301,121,0,0,2.58333,80
2694990213,1,7,3000,3000,600,600,2999,2303,415,281,0,0,2.55,0
2694990213,1,7,3000,3000,600,600,2999,2310,408,281,0,0,2.76667,1
2694990213,1,7,3000,3000,600,600,2999,2339,389,271,0,0,2.58333,5
2694990213,1,7,3000,3000,600,600,2999,2359,379,261,0,0,2.6,10
2694990213,1,7,3000,3000,600,600,2999,2406,353,240,0,0,2.58333,20
2694990213,1,7,3000,3000,600,600,2999,2497,320,182,0,0,2.56667,50
2694990213,1,7,3000,3000,600,600,2999,2529,306,164,0,0,2.56667,60
2694990213,1,7,3000,3000,600,600,2999,2562,316,121,0,0,2.5,80
362746849,1,7,3000,3000,600,600,2998,2315,436,247,0,0,2.6,0
362746849,1,7,3000,3000,600,600,2998,2329,424,245,0,0,2.53333,1
362746849,1,7,3000,3000,600,600,2998,2356,407,235,0,0,2.56667,5
362746849,1,7,3000,3000,600,600,2998,2373,401,224,0,0,2.58333,10
362746849,1,7,3000,3000,600,600,2998,2395,388,215,0,0,2.8,20
362746849,1,7,3000,3000,600,600,2998,2495,341,162,0,0,2.51667,50
362746849,1,7,3000,3000,600,600,2998,2518,336,144,0,0,2.55,60
362746849,1,7,3000,3000,600,600,2999,2575,311,113,0,0,2.56667,80
1205954340,1,7,3000,3000,600,600,2997,2293,459,245,0,0,2.56667,0
1205954340,1,7,3000,3000,600,600,2997,2306,448,243,0,0,2.55,1
1205954340,1,7,3000,3000,600,600,2997,2331,428,238,0,0,2.56667,5
1205954340,1,7,3000,3000,600,600,2997,2350,418,229,0,0,2.53333,10
1205954340,1,7,3000,3000,600,600,2997,2377,409,211,0,0,2.6,20
1205954340,1,7,3000,3000,600,600,2997,2497,352,148,0,0,2.56667,50
1205954340,1,7,3000,3000,600,600,2997,2531,338,128,0,0,2.76667,60
1205954340,1,7,3000,3000,600,600,2997,2583,316,98,0,0,2.53333,80
526281729,1,7,3000,3000,600,600,2999,2314,433,252,0,0,2.6,0
526281729,1,7,3000,3000,600,600,2999,2324,426,249,0,0,2.56667,1
526281729,1,7,3000,3000,600,600,2999,2355,401,243,0,0,2.55,5
526281729,1,7,3000,3000,600,600,2999,2376,384,239,0,0,2.53333,10
526281729,1,7,3000,3000,600,600,2999,2422,364,213,0,0,2.56667,20
526281729,1,7,3000,3000,600,600,2999,2520,317,162,0,0,2.58333,50
526281729,1,7,3000,3000,600,600,2999,2542,313,144,0,0,2.58333,60
526281729,1,7,3000,3000,600,600,2999,2592,295,112,0,0,2.58333,80
922357187,1,7,3000,3000,600,600,2999,2340,394,265,0,0,2.58333,0
922357187,1,7,3000,3000,600,600,2999,2348,389,262,0,0,2.76667,1
922357187,1,7,3000,3000,600,600,2999,2374,373,252,0,0,2.55,5
922357187,1,7,3000,3000,600,600,2999,2401,365,233,0,0,2.58333,10
922357187,1,7,3000,3000,600,600,2999,2435,350,214,0,0,2.58333,20
922357187,1,7,3000,3000,600,600,2999,2517,329,153,0,0,2.53333,50
922357187,1,7,3000,3000,600,600,2999,2542,314,143,0,0,2.5,60
922357187,1,7,3000,3000,600,600,2999,2587,297,115,0,0,2.61667,80
792161812,1,7,3000,3000,600,600,2996,2301,418,277,0,0,2.56667,0
792161812,1,7,3000,3000,600,600,2996,2306,414,276,0,0,2.56667,1
792161812,1,7,3000,3000,600,600,2996,2329,405,262,0,0,2.56667,5
792161812,1,7,3000,3000,600,600,2996,2343,404,249,0,0,2.6,10
792161812,1,7,3000,3000,600,600,2996,2400,369,227,0,0,2.53333,20
792161812,1,7,3000,3000,600,600,2996,2503,326,167,0,0,2.56667,50
792161812,1,7,3000,3000,600,600,2996,2540,309,147,0,0,2.55,60
792161812,1,7,3000,3000,600,600,2996,2577,304,115,0,0,2.55,80
3212674784,1,7,3000,3000,600,600,2998,2342,418,238,0,0,2.53333,0
3212674784,1,7,3000,3000,600,600,2998,2354,408,236,0,0,2.55,1
3212674784,1,7,3000,3000,600,600,2998,2386,382,230,0,0,2.56667,5
3212674784,1,7,3000,3000,600,600,2998,2416,363,219,0,0,2.53333,10
3212674784,1,7,3000,3000,600,600,2998,2452,354,192,0,0,2.53333,20
3212674784,1,7,3000,3000,600,600,2998,2553,307,138,0,0,2.51667,50
3212674784,1,7,3000,3000,600,600,2998,2570,303,125,0,0,2.6,60
3212674784,1,7,3000,3000,600,600,2998,2614,285,99,0,0,2.56667,80
2824821906,1,7,3000,3000,600,600,2998,2276,435,287,0,0,2.53333,0
2824821906,1,7,3000,3000,600,600,2998,2286,426,286,0,0,2.56667,1
2824821906,1,7,3000,3000,600,600,2999,2326,395,278,0,0,2.55,5
2824821906,1,7,3000,3000,600,600,2999,2362,374,263,0,0,2.56667,10
2824821906,1,7,3000,3000,600,600,2999,2390,364,245,0,0,2.5,20
2824821906,1,7,3000,3000,600,600,2999,2465,340,194,0,0,2.55,50
2824821906,1,7,3000,3000,600,600,2999,2493,332,174,0,0,2.55,60
2824821906,1,7,3000,3000,600,600,2999,2555,313,131,0,0,2.53333,80
1423406793,1,7,3000,3000,600,600,2996,2325,423,248,0,0,2.53333,0
1423406793,1,7,3000,3000,600,600,2996,2334,415,247,0,0,2.56667,1
1423406793,1,7,3000,3000,600,600,2996,2361,394,241,0,0,2.55,5
1423406793,1,7,3000,3000,600,600,2996,2383,386,227,0,0,2.55,10
1423406793,1,7,3000,3000,600,600,2996,2408,374,214,0,0,2.56667,20
1423406793,1,7,3000,3000,600,600,2996,2502,332,162,0,0,2.53333,50
1423406793,1,7,3000,3000,600,600,2996,2555,301,140,0,0,2.53333,60
1423406793,1,7,3000,3000,600,600,2997,2591,295,111,0,0,2.53333,80
3924330865,1,7,3000,3000,600,600,2997,2256,456,285,0,0,2.56667,0
3924330865,1,7,3000,3000,600,600,2997,2266,449,282,0,0,2.53333,1
3924330865,1,7,3000,3000,600,600,2997,2290,429,278,0,0,2.55,5
3924330865,1,7,3000,3000,600,600,2997,2315,415,267,0,0,2.55,10
3924330865,1,7,3000,3000,600,600,2997,2336,409,252,0,0,2.61667,20
3924330865,1,7,3000,3000,600,600,2998,2456,354,188,0,0,2.56667,50
3924330865,1,7,3000,3000,600,600,2998,2499,335,164,0,0,2.58333,60
3924330865,1,7,3000,3000,600,600,2998,2542,326,130,0,0,2.55,80