RunSeed,Seed,Algoritmo,Radius,nDevices,appPeriodSeconds,simulationTime,PHYTotal,PHYSuccessful,PHYInterfered,PHYNoMoreReceivers,PHYUnderSensitivity,PHYLostBecauseTX,SimulationDuration,targetRealocation
3050452041,1,1,3000,3000,600,600,3000,2571,421,8,0,0,1,5
3050452041,1,1,3000,1000,600,600,999,960,39,0,0,0,0.116667,5
3050452041,1,1,3000,2000,600,600,2000,1827,173,0,0,0,0.433333,5
3050452041,1,1,3000,4000,600,600,4000,3335,651,14,0,0,1.78333,5
3050452041,1,1,3000,5000,600,600,5000,3961,1007,32,0,0,2.85,5
3050452041,1,1,3000,6000,600,600,5999,4548,1406,45,0,0,4.18333,5
3050452041,1,2,3000,3000,600,600,2998,2230,477,291,0,0,1.01667,5
3050452041,1,2,3000,1000,600,600,999,918,67,14,0,0,0.1,5
3050452041,1,2,3000,2000,600,600,1998,1651,262,85,0,0,0.45,5
3050452041,1,2,3000,4000,600,600,3999,2644,776,579,0,0,1.81667,5
3050452041,1,2,3000,5000,600,600,4996,2993,1025,978,0,0,2.86667,5
3050452041,1,2,3000,6000,600,600,5995,3142,1329,1524,0,0,4.15,5
3050452041,1,3,3000,3000,600,600,2999,2711,232,56,0,0,1,5
3050452041,1,3,3000,1000,600,600,999,975,21,3,0,0,0.116667,5
3050452041,1,3,3000,2000,600,600,1998,1885,102,11,0,0,0.45,5
3050452041,1,3,3000,4000,600,600,3999,3484,399,116,0,0,1.83333,5
3050452041,1,3,3000,5000,600,600,4999,4142,598,259,0,0,2.85,5
3050452041,1,3,3000,6000,600,600,5997,4806,834,357,0,0,4.13333,5
3050452041,1,4,3000,3000,600,600,3000,2607,384,9,0,0,1,5
3050452041,1,4,3000,1000,600,600,999,963,36,0,0,0,0.116667,5
3050452041,1,4,3000,2000,600,600,2000,1845,155,0,0,0,0.433333,5
3050452041,1,4,3000,4000,600,600,4000,3393,591,16,0,0,1.81667,5
3050452041,1,4,3000,5000,600,600,5000,4053,912,35,0,0,2.83333,5
3050452041,1,4,3000,6000,600,600,5999,4652,1299,48,0,0,4.16667,5
3050452041,1,5,3000,3000,600,600,2999,2718,223,58,0,0,1,5
3050452041,1,5,3000,1000,600,600,999,973,23,3,0,0,0.1,5
3050452041,1,5,3000,2000,600,600,1998,1883,104,11,0,0,0.45,5
3050452041,1,5,3000,4000,600,600,3999,3474,406,119,0,0,1.8,5
3050452041,1,5,3000,5000,600,600,4999,4163,575,261,0,0,2.85,5
3050452041,1,5,3000,6000,600,600,5997,4812,828,357,0,0,4.08333,5
3050452041,1,8,3000,3000,600,600,2997,219,1662,1116,0,0,0.983333,5
3050452041,1,8,3000,1000,600,600,998,390,537,71,0,0,0.1,5
3050452041,1,8,3000,2000,600,600,1994,293,1210,491,0,0,0.433333,5
3050452041,1,8,3000,4000,600,600,3995,194,1908,1893,0,0,1.78333,5
3050452041,1,8,3000,5000,600,600,4993,136,2124,2733,0,0,2.83333,5
3050452041,1,8,3000,6000,600,600,5994,118,2228,3648,0,0,4.13333,5
3492182426,1,1,3000,3000,600,600,3000,2604,390,6,0,0,1,5
3492182426,1,1,3000,1000,600,600,1000,939,61,0,0,0,0.1,5
3492182426,1,1,3000,2000,600,600,2000,1816,180,4,0,0,0.433333,5
3492182426,1,1,3000,4000,600,600,3999,3327,663,9,0,0,1.78333,5
3492182426,1,1,3000,5000,600,600,4999,3967,1010,22,0,0,2.83333,5
3492182426,1,1,3000,6000,600,600,5999,4551,1400,48,0,0,4.11667,5
3492182426,1,2,3000,3000,600,600,2999,2217,521,261,0,0,1,5
3492182426,1,2,3000,1000,600,600,1000,902,79,19,0,0,0.1,5
3492182426,1,2,3000,2000,600,600,1997,1671,237,89,0,0,0.433333,5
3492182426,1,2,3000,4000,600,600,3998,2685,741,572,0,0,1.78333,5
3492182426,1,2,3000,5000,600,600,4996,2950,1066,980,0,0,2.8,5
3492182426,1,2,3000,6000,600,600,5994,3217,1275,1502,0,0,4.1,5
3492182426,1,3,3000,3000,600,600,3000,2716,239,45,0,0,1,5
3492182426,1,3,3000,1000,600,600,1000,958,39,3,0,0,0.1,5
3492182426,1,3,3000,2000,600,600,1997,1875,107,15,0,0,0.45,5
3492182426,1,3,3000,4000,600,600,3999,3497,393,109,0,0,1.9,5
3492182426,1,3,3000,5000,600,600,4997,4180,591,226,0,0,2.81667,5
3492182426,1,3,3000,6000,600,600,5997,4826,807,364,0,0,4.06667,5
3492182426,1,4,3000,3000,600,600,3000,2648,346,6,0,0,1.01667,5
3492182426,1,4,3000,1000,600,600,1000,941,59,0,0,0,0.116667,5
3492182426,1,4,3000,2000,600,600,2000,1824,172,4,0,0,0.433333,5
3492182426,1,4,3000,4000,600,600,3999,3390,600,9,0,0,1.78333,5
3492182426,1,4,3000,5000,600,600,4999,4051,922,26,0,0,2.8,5
3492182426,1,4,3000,6000,600,600,5998,4671,1276,51,0,0,4.05,5
3492182426,1,5,3000,3000,600,600,3000,2716,239,45,0,0,0.966667,5
3492182426,1,5,3000,1000,600,600,1000,957,40,3,0,0,0.1,5
3492182426,1,5,3000,2000,600,600,1997,1877,104,16,0,0,0.433333,5
3492182426,1,5,3000,4000,600,600,3999,3510,377,112,0,0,1.76667,5
3492182426,1,5,3000,5000,600,600,4997,4196,567,234,0,0,2.8,5
3492182426,1,5,3000,6000,600,600,5997,4844,783,370,0,0,4.1,5
3492182426,1,8,3000,3000,600,600,2996,231,1647,1118,0,0,1.01667,5
3492182426,1,8,3000,1000,600,600,998,341,563,94,0,0,0.1,5
3492182426,1,8,3000,2000,600,600,1997,315,1186,496,0,0,0.416667,5
3492182426,1,8,3000,4000,600,600,3994,174,1927,1893,0,0,1.76667,5
3492182426,1,8,3000,5000,600,600,4992,149,2098,2745,0,0,2.8,5
3492182426,1,8,3000,6000,600,600,5993,125,2244,3624,0,0,4.1,5
883276059,1,1,3000,3000,600,600,3000,2585,411,4,0,0,0.983333,5
883276059,1,1,3000,1000,600,600,1000,950,50,0,0,0,0.1,5
883276059,1,1,3000,2000,600,600,2000,1846,153,1,0,0,0.433333,5
883276059,1,1,3000,4000,600,600,3998,3295,692,11,0,0,1.78333,5
883276059,1,1,3000,5000,600,600,5000,3956,1017,27,0,0,2.8,5
883276059,1,1,3000,6000,600,600,5999,4491,1466,42,0,0,4.08333,5
883276059,1,2,3000,3000,600,600,2996,2232,472,292,0,0,0.983333,5
883276059,1,2,3000,1000,600,600,997,915,73,9,0,0,0.1,5
883276059,1,2,3000,2000,600,600,1999,1693,236,70,0,0,0.45,5
883276059,1,2,3000,4000,600,600,3992,2661,739,592,0,0,1.76667,5
883276059,1,2,3000,5000,600,600,4997,3042,990,965,0,0,2.8,5
883276059,1,2,3000,6000,600,600,5995,3161,1304,1530,0,0,4.08333,5
883276059,1,3,3000,3000,600,600,3000,2695,259,46,0,0,1,5
883276059,1,3,3000,1000,600,600,1000,968,31,1,0,0,0.116667,5
883276059,1,3,3000,2000,600,600,2000,1894,98,8,0,0,0.433333,5
883276059,1,3,3000,4000,600,600,3996,3444,433,119,0,0,1.78333,5
883276059,1,3,3000,5000,600,600,4998,4223,549,226,0,0,2.81667,5
883276059,1,3,3000,6000,600,600,5997,4691,917,389,0,0,4.13333,5
883276059,1,4,3000,3000,600,600,3000,2623,373,4,0,0,0.983333,5
883276059,1,4,3000,1000,600,600,1000,952,48,0,0,0,0.1,5
883276059,1,4,3000,2000,600,600,2000,1854,145,1,0,0,0.433333,5
883276059,1,4,3000,4000,600,600,3998,3355,631,12,0,0,1.78333,5
883276059,1,4,3000,5000,600,600,5000,4057,914,29,0,0,2.8,5
883276059,1,4,3000,6000,600,600,5999,4599,1351,49,0,0,4.05,5
883276059,1,5,3000,3000,600,600,3000,2699,254,47,0,0,0.983333,5
883276059,1,5,3000,1000,600,600,1000,969,30,1,0,0,0.1,5
883276059,1,5,3000,2000,600,600,2000,1897,94,9,0,0,0.433333,5
883276059,1,5,3000,4000,600,600,3996,3449,427,120,0,0,1.75,5
883276059,1,5,3000,5000,600,600,4998,4222,542,234,0,0,2.75,5
883276059,1,5,3000,6000,600,600,5997,4710,889,398,0,0,4.03333,5
883276059,1,8,3000,3000,600,600,2992,229,1642,1121,0,0,0.966667,5
883276059,1,8,3000,1000,600,600,995,349,560,86,0,0,0.1,5
883276059,1,8,3000,2000,600,600,1999,316,1204,479,0,0,0.416667,5
883276059,1,8,3000,4000,600,600,3993,192,1930,1871,0,0,1.73333,5
883276059,1,8,3000,5000,600,600,4995,161,2093,2741,0,0,2.8,5
883276059,1,8,3000,6000,600,600,5992,127,2237,3628,0,0,4.08333,5
2309282004,1,1,3000,3000,600,600,3000,2582,409,9,0,0,0.966667,5
2309282004,1,1,3000,1000,600,600,999,949,50,0,0,0,0.1,5
2309282004,1,1,3000,2000,600,600,1999,1823,170,6,0,0,0.416667,5
2309282004,1,1,3000,4000,600,600,4000,3346,646,8,0,0,1.75,5
2309282004,1,1,3000,5000,600,600,4998,3961,1012,25,0,0,2.78333,5
2309282004,1,1,3000,6000,600,600,5998,4514,1445,39,0,0,4.01667,5
2309282004,1,2,3000,3000,600,600,2999,2260,488,251,0,0,0.983333,5
2309282004,1,2,3000,1000,600,600,999,917,69,13,0,0,0.1,5
2309282004,1,2,3000,2000,600,600,1999,1672,236,91,0,0,0.433333,5
2309282004,1,2,3000,4000,600,600,3998,2653,763,582,0,0,1.76667,5
2309282004,1,2,3000,5000,600,600,4994,2986,1014,994,0,0,2.76667,5
2309282004,1,2,3000,6000,600,600,5994,3228,1299,1467,0,0,4.08333,5
2309282004,1,3,3000,3000,600,600,3000,2704,244,52,0,0,0.983333,5
2309282004,1,3,3000,1000,600,600,999,963,31,5,0,0,0.1,5
2309282004,1,3,3000,2000,600,600,1999,1870,110,19,0,0,0.433333,5
2309282004,1,3,3000,4000,600,600,3999,3491,382,126,0,0,1.75,5
2309282004,1,3,3000,5000,600,600,4994,4174,556,264,0,0,2.8,5
2309282004,1,3,3000,6000,600,600,5997,4749,846,402,0,0,4.06667,5
2309282004,1,4,3000,3000,600,600,3000,2615,375,10,0,0,1,5
2309282004,1,4,3000,1000,600,600,999,957,41,1,0,0,0.1,5
2309282004,1,4,3000,2000,600,600,1999,1832,161,6,0,0,0.433333,5
2309282004,1,4,3000,4000,600,600,4000,3404,587,9,0,0,1.78333,5
2309282004,1,4,3000,5000,600,600,4998,4059,914,25,0,0,2.83333,5
2309282004,1,4,3000,6000,600,600,5998,4641,1311,46,0,0,4.15,5
2309282004,1,5,3000,3000,600,600,3000,2707,240,53,0,0,1,5
2309282004,1,5,3000,1000,600,600,999,963,30,6,0,0,0.1,5
2309282004,1,5,3000,2000,600,600,1999,1865,115,19,0,0,0.45,5
2309282004,1,5,3000,4000,600,600,3999,3494,376,129,0,0,1.8,5
2309282004,1,5,3000,5000,600,600,4994,4197,533,264,0,0,2.85,5
2309282004,1,5,3000,6000,600,600,5997,4747,843,407,0,0,4.13333,5
2309282004,1,8,3000,3000,600,600,2995,244,1633,1118,0,0,0.983333,5
2309282004,1,8,3000,1000,600,600,997,354,555,88,0,0,0.116667,5
2309282004,1,8,3000,2000,600,600,1994,295,1235,464,0,0,0.433333,5
2309282004,1,8,3000,4000,600,600,3997,183,1906,1908,0,0,1.78333,5
2309282004,1,8,3000,5000,600,600,4993,136,2127,2730,0,0,2.86667,5
2309282004,1,8,3000,6000,600,600,5992,111,2225,3656,0,0,4.21667,5
3241976084,1,1,3000,3000,600,600,3000,2599,394,7,0,0,1,5
3241976084,1,1,3000,1000,600,600,1000,968,32,0,0,0,0.1,5
3241976084,1,1,3000,2000,600,600,1999,1834,163,2,0,0,0.45,5
3241976084,1,1,3000,4000,600,600,4000,3323,664,13,0,0,1.81667,5
3241976084,1,1,3000,5000,600,600,4999,3894,1073,32,0,0,2.86667,5
3241976084,1,1,3000,6000,600,600,6000,4590,1362,48,0,0,4.16667,5
3241976084,1,2,3000,3000,600,600,2999,2290,459,250,0,0,1.03333,5
3241976084,1,2,3000,1000,600,600,999,908,82,9,0,0,0.116667,5
3241976084,1,2,3000,2000,600,600,1999,1692,218,89,0,0,0.45,5
3241976084,1,2,3000,4000,600,600,3998,2650,768,580,0,0,1.81667,5
3241976084,1,2,3000,5000,600,600,4998,2965,1050,983,0,0,2.85,5
3241976084,1,2,3000,6000,600,600,5996,3235,1276,1485,0,0,4.16667,5
3241976084,1,3,3000,3000,600,600,2999,2694,262,43,0,0,1,5
3241976084,1,3,3000,1000,600,600,999,966,31,2,0,0,0.116667,5
3241976084,1,3,3000,2000,600,600,1999,1880,102,17,0,0,0.433333,5
3241976084,1,3,3000,4000,600,600,3998,3462,423,113,0,0,1.76667,5
3241976084,1,3,3000,5000,600,600,4998,4116,607,275,0,0,2.83333,5
3241976084,1,3,3000,6000,600,600,6000,4899,727,374,0,0,4.11667,5
3241976084,1,4,3000,3000,600,600,3000,2626,367,7,0,0,0.966667,5
3241976084,1,4,3000,1000,600,600,1000,967,33,0,0,0,0.116667,5
3241976084,1,4,3000,2000,600,600,1999,1850,147,2,0,0,0.433333,5
3241976084,1,4,3000,4000,600,600,4000,3390,597,13,0,0,1.76667,5
3241976084,1,4,3000,5000,600,600,4999,3980,984,35,0,0,2.76667,5
3241976084,1,4,3000,6000,600,600,6000,4719,1229,52,0,0,4.16667,5
3241976084,1,5,3000,3000,600,600,2999,2702,252,45,0,0,0.983333,5
3241976084,1,5,3000,1000,600,600,999,964,33,2,0,0,0.1,5
3241976084,1,5,3000,2000,600,600,1999,1878,104,17,0,0,0.433333,5
3241976084,1,5,3000,4000,600,600,3998,3465,418,115,0,0,1.75,5
3241976084,1,5,3000,5000,600,600,4998,4121,599,278,0,0,2.76667,5
3241976084,1,5,3000,6000,600,600,6000,4891,727,382,0,0,4.01667,5
3241976084,1,8,3000,3000,600,600,2994,240,1661,1093,0,0,0.966667,5
3241976084,1,8,3000,1000,600,600,996,353,548,95,0,0,0.1,5
3241976084,1,8,3000,2000,600,600,1995,326,1179,490,0,0,0.433333,5
3241976084,1,8,3000,4000,600,600,3995,179,1922,1894,0,0,1.76667,5
3241976084,1,8,3000,5000,600,600,4993,136,2117,2740,0,0,2.76667,5
3241976084,1,8,3000,6000,600,600,5994,104,2247,3643,0,0,4.08333,5
4065161445,1,1,3000,3000,600,600,3000,2620,377,3,0,0,0.966667,5
4065161445,1,1,3000,1000,600,600,999,956,42,1,0,0,0.116667,5
4065161445,1,1,3000,2000,600,600,2000,1796,202,2,0,0,0.433333,5
4065161445,1,1,3000,4000,600,600,3999,3358,633,8,0,0,1.76667,5
4065161445,1,1,3000,5000,600,600,4994,3946,1030,18,0,0,2.78333,5
4065161445,1,1,3000,6000,600,600,6000,4541,1415,44,0,0,4.01667,5
4065161445,1,2,3000,3000,600,600,2998,2257,461,280,0,0,0.983333,5
4065161445,1,2,3000,1000,600,600,998,912,75,11,0,0,0.1,5
4065161445,1,2,3000,2000,600,600,1998,1672,243,83,0,0,0.433333,5
4065161445,1,2,3000,4000,600,600,3996,2648,767,581,0,0,1.76667,5
4065161445,1,2,3000,5000,600,600,4992,3016,1023,953,0,0,2.8,5
4065161445,1,2,3000,6000,600,600,5999,3228,1280,1491,0,0,4.08333,5
4065161445,1,3,3000,3000,600,600,3000,2739,213,48,0,0,0.983333,5
4065161445,1,3,3000,1000,600,600,998,969,28,1,0,0,0.1,5
4065161445,1,3,3000,2000,600,600,1999,1876,106,17,0,0,0.433333,5
4065161445,1,3,3000,4000,600,600,3999,3480,393,126,0,0,1.76667,5
4065161445,1,3,3000,5000,600,600,4994,4177,594,223,0,0,2.78333,5
4065161445,1,3,3000,6000,600,600,5999,4776,822,401,0,0,4.1,5
4065161445,1,4,3000,3000,600,600,3000,2664,332,4,0,0,1,5
4065161445,1,4,3000,1000,600,600,999,959,39,1,0,0,0.116667,5
4065161445,1,4,3000,2000,600,600,2000,1819,179,2,0,0,0.45,5
4065161445,1,4,3000,4000,600,600,3999,3427,563,9,0,0,1.78333,5
4065161445,1,4,3000,5000,600,600,4994,4039,934,21,0,0,2.81667,5
4065161445,1,4,3000,6000,600,600,6000,4657,1295,48,0,0,4.08333,5
4065161445,1,5,3000,3000,600,600,3000,2742,208,50,0,0,1,5
4065161445,1,5,3000,1000,600,600,998,969,28,1,0,0,0.116667,5
4065161445,1,5,3000,2000,600,600,1999,1887,94,18,0,0,0.433333,5
4065161445,1,5,3000,4000,600,600,3999,3484,388,127,0,0,1.78333,5
4065161445,1,5,3000,5000,600,600,4994,4182,584,228,0,0,2.81667,5
4065161445,1,5,3000,6000,600,600,5999,4771,823,405,0,0,4.11667,5
4065161445,1,8,3000,3000,600,600,2997,218,1645,1134,0,0,0.983333,5
4065161445,1,8,3000,1000,600,600,996,362,546,88,0,0,0.1,5
4065161445,1,8,3000,2000,600,600,1996,292,1220,484,0,0,0.416667,5
4065161445,1,8,3000,4000,600,600,3993,178,1933,1882,0,0,1.8,5
4065161445,1,8,3000,5000,600,600,4993,147,2114,2732,0,0,2.83333,5
4065161445,1,8,3000,6000,600,600,5995,103,2261,3631,0,0,4.18333,5
2730682073,1,1,3000,3000,600,600,3000,2568,428,4,0,0,1,5
2730682073,1,1,3000,1000,600,600,1000,958,42,0,0,0,0.1,5
2730682073,1,1,3000,2000,600,600,2000,1828,170,2,0,0,0.433333,5
2730682073,1,1,3000,4000,600,600,3997,3300,685,12,0,0,1.78333,5
2730682073,1,1,3000,5000,600,600,5000,3980,996,24,0,0,2.81667,5
2730682073,1,1,3000,6000,600,600,6000,4573,1378,49,0,0,4.05,5
2730682073,1,2,3000,3000,600,600,2996,2181,543,272,0,0,0.983333,5
2730682073,1,2,3000,1000,600,600,1000,935,54,11,0,0,0.1,5
2730682073,1,2,3000,2000,600,600,1999,1663,240,96,0,0,0.433333,5
2730682073,1,2,3000,4000,600,600,3995,2635,775,585,0,0,1.76667,5
2730682073,1,2,3000,5000,600,600,4995,2960,1042,993,0,0,2.8,5
2730682073,1,2,3000,6000,600,600,5998,3220,1298,1480,0,0,4.08333,5
2730682073,1,3,3000,3000,600,600,2997,2688,261,48,0,0,0.983333,5
2730682073,1,3,3000,1000,600,600,1000,978,21,1,0,0,0.1,5
2730682073,1,3,3000,2000,600,600,2000,1889,94,17,0,0,0.433333,5
2730682073,1,3,3000,4000,600,600,3995,3378,482,135,0,0,1.76667,5
2730682073,1,3,3000,5000,600,600,4997,4172,595,230,0,0,2.78333,5
2730682073,1,3,3000,6000,600,600,5999,4810,801,388,0,0,4.06667,5
2730682073,1,4,3000,3000,600,600,3000,2607,389,4,0,0,0.983333,5
2730682073,1,4,3000,1000,600,600,1000,963,37,0,0,0,0.1,5
2730682073,1,4,3000,2000,600,600,2000,1846,152,2,0,0,0.433333,5
2730682073,1,4,3000,4000,600,600,3997,3354,630,13,0,0,1.76667,5
2730682073,1,4,3000,5000,600,600,5000,4053,920,27,0,0,2.78333,5
2730682073,1,4,3000,6000,600,600,6000,4693,1254,53,0,0,4.05,5
2730682073,1,5,3000,3000,600,600,2997,2697,250,50,0,0,0.983333,5
2730682073,1,5,3000,1000,600,600,1000,978,21,1,0,0,0.116667,5
2730682073,1,5,3000,2000,600,600,2000,1886,97,17,0,0,0.433333,5
2730682073,1,5,3000,4000,600,600,3995,3386,472,137,0,0,1.76667,5
2730682073,1,5,3000,5000,600,600,4997,4180,585,232,0,0,2.76667,5
2730682073,1,5,3000,6000,600,600,5999,4808,797,394,0,0,4.05,5
2730682073,1,8,3000,3000,600,600,2996,218,1668,1110,0,0,0.966667,5
2730682073,1,8,3000,1000,600,600,999,385,536,78,0,0,0.1,5
2730682073,1,8,3000,2000,600,600,1996,301,1214,481,0,0,0.416667,5
2730682073,1,8,3000,4000,600,600,3992,182,1912,1898,0,0,1.73333,5
2730682073,1,8,3000,5000,600,600,4995,163,2085,2747,0,0,2.78333,5
2730682073,1,8,3000,6000,600,600,5993,137,2223,3633,0,0,4.08333,5
526876936,1,1,3000,3000,600,600,2999,2616,381,2,0,0,0.966667,5
526876936,1,1,3000,1000,600,600,1000,949,49,2,0,0,0.1,5
526876936,1,1,3000,2000,600,600,2000,1803,197,0,0,0,0.416667,5
526876936,1,1,3000,4000,600,600,4000,3272,711,17,0,0,1.75,5
526876936,1,1,3000,5000,600,600,4999,3960,1019,20,0,0,2.78333,5
526876936,1,1,3000,6000,600,600,6000,4564,1399,37,0,0,4.08333,5
526876936,1,2,3000,3000,600,600,2997,2243,500,254,0,0,0.966667,5
526876936,1,2,3000,1000,600,600,1000,911,79,10,0,0,0.116667,5
526876936,1,2,3000,2000,600,600,2000,1703,210,87,0,0,0.416667,5
526876936,1,2,3000,4000,600,600,3996,2669,756,571,0,0,1.76667,5
526876936,1,2,3000,5000,600,600,4994,2965,1038,991,0,0,2.78333,5
526876936,1,2,3000,6000,600,600,5993,3189,1320,1484,0,0,4.03333,5
526876936,1,3,3000,3000,600,600,2999,2727,226,46,0,0,0.966667,5
526876936,1,3,3000,1000,600,600,1000,961,35,4,0,0,0.1,5
526876936,1,3,3000,2000,600,600,2000,1888,102,10,0,0,0.433333,5
526876936,1,3,3000,4000,600,600,3995,3464,425,106,0,0,1.78333,5
526876936,1,3,3000,5000,600,600,4997,4133,643,221,0,0,2.8,5
526876936,1,3,3000,6000,600,600,5998,4844,815,339,0,0,4.08333,5
526876936,1,4,3000,3000,600,600,2999,2646,350,3,0,0,0.983333,5
526876936,1,4,3000,1000,600,600,1000,952,46,2,0,0,0.1,5
526876936,1,4,3000,2000,600,600,2000,1818,182,0,0,0,0.416667,5
526876936,1,4,3000,4000,600,600,4000,3321,661,18,0,0,1.76667,5
526876936,1,4,3000,5000,600,600,4999,4015,960,24,0,0,2.76667,5
526876936,1,4,3000,6000,600,600,6000,4668,1293,39,0,0,4.08333,5
526876936,1,5,3000,3000,600,600,2999,2728,225,46,0,0,0.983333,5
526876936,1,5,3000,1000,600,600,1000,960,36,4,0,0,0.1,5
526876936,1,5,3000,2000,600,600,2000,1894,94,12,0,0,0.433333,5
526876936,1,5,3000,4000,600,600,3995,3483,404,108,0,0,1.76667,5
526876936,1,5,3000,5000,600,600,4997,4141,631,225,0,0,2.76667,5
526876936,1,5,3000,6000,600,600,5998,4867,787,344,0,0,4.06667,5
526876936,1,8,3000,3000,600,600,2994,235,1663,1096,0,0,0.983333,5
526876936,1,8,3000,1000,600,600,999,351,559,89,0,0,0.1,5
526876936,1,8,3000,2000,600,600,2000,282,1231,487,0,0,0.433333,5
526876936,1,8,3000,4000,600,600,3994,176,1915,1903,0,0,1.75,5
526876936,1,8,3000,5000,600,600,4994,137,2115,2742,0,0,2.78333,5
526876936,1,8,3000,6000,600,600,5993,119,2243,3631,0,0,4.08333,5
166127498,1,1,3000,3000,600,600,2999,2607,391,1,0,0,0.983333,5
166127498,1,1,3000,1000,600,600,999,955,44,0,0,0,0.1,5
166127498,1,1,3000,2000,600,600,2000,1822,178,0,0,0,0.433333,5
166127498,1,1,3000,4000,600,600,3999,3328,657,14,0,0,1.75,5
166127498,1,1,3000,5000,600,600,4999,3979,1001,19,0,0,2.76667,5
166127498,1,1,3000,6000,600,600,6000,4547,1410,43,0,0,4,5
166127498,1,2,3000,3000,600,600,2997,2206,524,267,0,0,0.966667,5
166127498,1,2,3000,1000,600,600,999,925,67,7,0,0,0.1,5
166127498,1,2,3000,2000,600,600,1999,1630,273,96,0,0,0.416667,5
166127498,1,2,3000,4000,600,600,3998,2677,749,572,0,0,1.75,5
166127498,1,2,3000,5000,600,600,4996,2986,1025,985,0,0,2.75,5
166127498,1,2,3000,6000,600,600,5995,3185,1331,1479,0,0,4.06667,5
166127498,1,3,3000,3000,600,600,2997,2736,214,47,0,0,0.966667,5
166127498,1,3,3000,1000,600,600,999,975,23,1,0,0,0.116667,5
166127498,1,3,3000,2000,600,600,2000,1859,121,20,0,0,0.433333,5
166127498,1,3,3000,4000,600,600,3999,3504,380,115,0,0,1.78333,5
166127498,1,3,3000,5000,600,600,4997,4251,533,213,0,0,2.76667,5
166127498,1,3,3000,6000,600,600,6000,4796,815,389,0,0,4.03333,5
166127498,1,4,3000,3000,600,600,2999,2644,354,1,0,0,0.966667,5
166127498,1,4,3000,1000,600,600,999,957,42,0,0,0,0.1,5
166127498,1,4,3000,2000,600,600,2000,1841,159,0,0,0,0.433333,5
166127498,1,4,3000,4000,600,600,3999,3394,589,16,0,0,1.75,5
166127498,1,4,3000,5000,600,600,4999,4075,901,23,0,0,2.76667,5
166127498,1,4,3000,6000,600,600,6000,4659,1291,50,0,0,4.03333,5
166127498,1,5,3000,3000,600,600,2997,2744,205,48,0,0,0.983333,5
166127498,1,5,3000,1000,600,600,999,977,21,1,0,0,0.1,5
166127498,1,5,3000,2000,600,600,2000,1860,120,20,0,0,0.433333,5
166127498,1,5,3000,4000,600,600,3999,3507,375,117,0,0,1.76667,5
166127498,1,5,3000,5000,600,600,4997,4256,524,217,0,0,2.76667,5
166127498,1,5,3000,6000,600,600,6000,4819,790,391,0,0,4.03333,5
166127498,1,8,3000,3000,600,600,2996,215,1665,1116,0,0,0.966667,5
166127498,1,8,3000,1000,600,600,997,376,544,77,0,0,0.1,5
166127498,1,8,3000,2000,600,600,1996,314,1207,475,0,0,0.416667,5
166127498,1,8,3000,4000,600,600,3994,169,1944,1881,0,0,1.73333,5
166127498,1,8,3000,5000,600,600,4993,158,2100,2735,0,0,2.76667,5
166127498,1,8,3000,6000,600,600,5995,112,2242,3641,0,0,4.06667,5
573286555,1,1,3000,3000,600,600,3000,2569,424,7,0,0,1,5
573286555,1,1,3000,1000,600,600,1000,936,63,1,0,0,0.116667,5
573286555,1,1,3000,2000,600,600,2000,1804,195,1,0,0,0.433333,5
573286555,1,1,3000,4000,600,600,3998,3334,652,12,0,0,1.75,5
573286555,1,1,3000,5000,600,600,5000,3952,1027,21,0,0,2.78333,5
573286555,1,1,3000,6000,600,600,5999,4542,1417,40,0,0,4,5
573286555,1,2,3000,3000,600,600,2996,2242,460,294,0,0,0.966667,5
573286555,1,2,3000,1000,600,600,1000,910,74,16,0,0,0.1,5
573286555,1,2,3000,2000,600,600,1999,1652,253,94,0,0,0.433333,5
573286555,1,2,3000,4000,600,600,3996,2656,738,602,0,0,1.76667,5
573286555,1,2,3000,5000,600,600,4999,2999,995,1005,0,0,2.76667,5
573286555,1,2,3000,6000,600,600,5996,3150,1326,1520,0,0,4.05,5
573286555,1,3,3000,3000,600,600,2999,2689,240,70,0,0,0.983333,5
573286555,1,3,3000,1000,600,600,1000,958,37,5,0,0,0.1,5
573286555,1,3,3000,2000,600,600,2000,1865,122,13,0,0,0.433333,5
573286555,1,3,3000,4000,600,600,3997,3475,385,137,0,0,1.75,5
573286555,1,3,3000,5000,600,600,5000,4181,580,239,0,0,2.76667,5
573286555,1,3,3000,6000,600,600,5997,4758,819,420,0,0,4.06667,5
573286555,1,4,3000,3000,600,600,3000,2612,378,10,0,0,0.983333,5
573286555,1,4,3000,1000,600,600,1000,944,55,1,0,0,0.1,5
573286555,1,4,3000,2000,600,600,2000,1824,175,1,0,0,0.433333,5
573286555,1,4,3000,4000,600,600,3998,3405,580,13,0,0,1.78333,5
573286555,1,4,3000,5000,600,600,5000,4048,930,22,0,0,2.76667,5
573286555,1,4,3000,6000,600,600,5999,4672,1282,45,0,0,4.01667,5
573286555,1,5,3000,3000,600,600,2999,2702,225,72,0,0,0.966667,5
573286555,1,5,3000,1000,600,600,1000,957,38,5,0,0,0.1,5
573286555,1,5,3000,2000,600,600,2000,1870,117,13,0,0,0.433333,5
573286555,1,5,3000,4000,600,600,3997,3478,381,138,0,0,1.75,5
573286555,1,5,3000,5000,600,600,5000,4170,586,244,0,0,2.73333,5
573286555,1,5,3000,6000,600,600,5997,4775,798,424,0,0,4.01667,5
573286555,1,8,3000,3000,600,600,2995,205,1638,1152,0,0,0.966667,5
573286555,1,8,3000,1000,600,600,1000,359,545,96,0,0,0.1,5
573286555,1,8,3000,2000,600,600,1995,301,1207,487,0,0,0.416667,5
573286555,1,8,3000,4000,600,600,3993,177,1908,1908,0,0,1.75,5
573286555,1,8,3000,5000,600,600,4994,156,2080,2758,0,0,2.75,5
573286555,1,8,3000,6000,600,600,5994,105,2258,3631,0,0,4.05,5