RunSeed,Seed,Algoritmo,Radius,nDevices,appPeriodSeconds,simulationTime,PHYTotal,PHYSuccessful,PHYInterfered,PHYNoMoreReceivers,PHYUnderSensitivity,PHYLostBecauseTX,SimulationDuration,targetRealocation
772092358,1,1,3000,3000,600,600,3000,2542,450,8,0,0,5.16667,0
772092358,1,1,3000,1000,600,600,1000,962,38,0,0,0,0.533333,0
772092358,1,1,3000,2000,600,600,2000,1858,142,0,0,0,2.3,0
772092358,1,1,3000,4000,600,600,4000,3322,660,18,0,0,9.26667,0
772092358,1,1,3000,5000,600,600,4997,3982,989,26,0,0,14.8833,0
772092358,1,1,3000,6000,600,600,6000,4548,1411,41,0,0,21.8,0
772092358,1,2,3000,3000,600,600,2993,246,1610,1137,0,0,5.08333,0
772092358,1,2,3000,1000,600,600,997,367,555,75,0,0,0.583333,0
772092358,1,2,3000,2000,600,600,1996,302,1211,483,0,0,2.28333,0
772092358,1,2,3000,4000,600,600,3995,175,1911,1909,0,0,9.31667,0
772092358,1,2,3000,5000,600,600,4992,138,2118,2736,0,0,14.9667,0
772092358,1,2,3000,6000,600,600,5993,135,2237,3621,0,0,22.1667,0
772092358,1,3,3000,3000,600,600,3000,2169,524,307,0,0,5.1,0
772092358,1,3,3000,1000,600,600,997,926,63,8,0,0,0.55,0
772092358,1,3,3000,2000,600,600,2000,1664,248,88,0,0,2.33333,0
772092358,1,3,3000,4000,600,600,3998,2666,726,606,0,0,9.6,0
772092358,1,3,3000,5000,600,600,4995,3009,1024,962,0,0,14.95,0
772092358,1,3,3000,6000,600,600,5995,3204,1282,1509,0,0,21.7,0
772092358,1,4,3000,3000,600,600,3000,2658,282,60,0,0,5.26667,0
772092358,1,4,3000,1000,600,600,1000,974,24,2,0,0,0.583333,0
772092358,1,4,3000,2000,600,600,2000,1887,98,15,0,0,2.33333,0
772092358,1,4,3000,4000,600,600,3999,3479,396,124,0,0,9.38333,0
772092358,1,4,3000,5000,600,600,4997,4211,562,224,0,0,14.4833,0
772092358,1,4,3000,6000,600,600,5995,4785,831,379,0,0,21.35,0
772092358,1,5,3000,3000,600,600,3000,866,1296,838,0,0,5.03333,0
772092358,1,5,3000,1000,600,600,996,632,322,42,0,0,0.583333,0
772092358,1,5,3000,2000,600,600,1997,834,872,291,0,0,2.33333,0
772092358,1,5,3000,4000,600,600,3995,927,1631,1437,0,0,9.21667,0
772092358,1,5,3000,5000,600,600,4995,925,1880,2190,0,0,14.65,0
772092358,1,5,3000,6000,600,600,5995,873,2083,3039,0,0,21.4167,0
772092358,1,6,3000,3000,600,600,3000,2570,420,10,0,0,5.06667,0
772092358,1,6,3000,1000,600,600,1000,966,34,0,0,0,0.583333,0
772092358,1,6,3000,2000,600,600,2000,1869,131,0,0,0,2.26667,0
772092358,1,6,3000,4000,600,600,4000,3368,614,18,0,0,9.15,0
772092358,1,6,3000,5000,600,600,4997,4045,924,28,0,0,14.8,0
772092358,1,6,3000,6000,600,600,5999,4658,1293,48,0,0,21.6167,0
772092358,1,7,3000,3000,600,600,3000,2661,277,62,0,0,5.23333,0
772092358,1,7,3000,1000,600,600,1000,972,26,2,0,0,0.55,0
772092358,1,7,3000,2000,600,600,2000,1887,98,15,0,0,2.25,0
772092358,1,7,3000,4000,600,600,3999,3479,394,126,0,0,9.18333,0
772092358,1,7,3000,5000,600,600,4997,4214,557,226,0,0,15.1333,0
772092358,1,7,3000,6000,600,600,5995,4805,807,383,0,0,21.95,0
772092358,1,8,3000,3000,600,600,3000,866,1296,838,0,0,4.9,0
772092358,1,8,3000,1000,600,600,996,632,322,42,0,0,0.483333,0
772092358,1,8,3000,2000,600,600,1997,834,872,291,0,0,1.88333,0
772092358,1,8,3000,4000,600,600,3995,927,1631,1437,0,0,7.85,0
772092358,1,8,3000,5000,600,600,4995,924,1880,2191,0,0,12.2833,0
772092358,1,8,3000,6000,600,600,5995,873,2084,3038,0,0,18.1833,0
772092358,1,9,3000,3000,600,600,2999,2324,415,260,0,0,4.3,0
772092358,1,9,3000,1000,600,600,1000,940,54,6,0,0,0.466667,0
772092358,1,9,3000,2000,600,600,2000,1673,229,98,0,0,1.85,0
772092358,1,9,3000,4000,600,600,3998,2796,683,519,0,0,7.68333,0
772092358,1,9,3000,5000,600,600,4994,3100,948,946,0,0,12.45,0
772092358,1,9,3000,6000,600,600,5996,3302,1217,1477,0,0,18,0
330691279,1,1,3000,3000,600,600,2999,2618,377,4,0,0,4.41667,0
330691279,1,1,3000,1000,600,600,1000,941,58,1,0,0,0.466667,0
330691279,1,1,3000,2000,600,600,2000,1815,185,0,0,0,1.88333,0
330691279,1,1,3000,4000,600,600,3999,3292,691,16,0,0,7.81667,0
330691279,1,1,3000,5000,600,600,4998,3990,984,24,0,0,12.1667,0
330691279,1,1,3000,6000,600,600,6000,4519,1444,37,0,0,17.95,0
330691279,1,2,3000,3000,600,600,2994,225,1655,1114,0,0,4.25,0
330691279,1,2,3000,1000,600,600,999,365,559,75,0,0,0.483333,0
330691279,1,2,3000,2000,600,600,1994,305,1186,503,0,0,1.83333,0
330691279,1,2,3000,4000,600,600,3995,194,1910,1891,0,0,7.71667,0
330691279,1,2,3000,5000,600,600,4994,145,2119,2730,0,0,12.4,0
330691279,1,2,3000,6000,600,600,5999,123,2235,3641,0,0,18.1833,0
330691279,1,3,3000,3000,600,600,2997,2241,489,267,0,0,4.36667,0
330691279,1,3,3000,1000,600,600,999,922,67,10,0,0,0.466667,0
330691279,1,3,3000,2000,600,600,1998,1639,277,82,0,0,1.9,0
330691279,1,3,3000,4000,600,600,3996,2649,764,583,0,0,7.68333,0
330691279,1,3,3000,5000,600,600,4995,2979,1057,959,0,0,12.1833,0
330691279,1,3,3000,6000,600,600,5997,3211,1344,1442,0,0,17.75,0
330691279,1,4,3000,3000,600,600,2998,2700,241,57,0,0,4.28333,0
330691279,1,4,3000,1000,600,600,1000,975,23,2,0,0,0.45,0
330691279,1,4,3000,2000,600,600,1999,1849,137,13,0,0,1.88333,0
330691279,1,4,3000,4000,600,600,3997,3480,379,138,0,0,7.81667,0
330691279,1,4,3000,5000,600,600,4998,4212,569,217,0,0,12.2167,0
330691279,1,4,3000,6000,600,600,5999,4787,829,383,0,0,17.9667,0
330691279,1,5,3000,3000,600,600,2996,868,1297,831,0,0,4.33333,0
330691279,1,5,3000,1000,600,600,999,652,304,43,0,0,0.466667,0
330691279,1,5,3000,2000,600,600,1994,853,828,313,0,0,1.85,0
330691279,1,5,3000,4000,600,600,3995,877,1668,1450,0,0,7.68333,0
330691279,1,5,3000,5000,600,600,4993,892,1915,2186,0,0,12.45,0
330691279,1,5,3000,6000,600,600,5997,890,2095,3012,0,0,17.9667,0
330691279,1,6,3000,3000,600,600,2999,2651,344,4,0,0,4.31667,0
330691279,1,6,3000,1000,600,600,1000,947,52,1,0,0,0.45,0
330691279,1,6,3000,2000,600,600,2000,1826,174,0,0,0,1.91667,0
330691279,1,6,3000,4000,600,600,3999,3347,636,16,0,0,7.88333,0
330691279,1,6,3000,5000,600,600,4998,4079,892,27,0,0,12.2667,0
330691279,1,6,3000,6000,600,600,6000,4662,1296,42,0,0,17.7167,0
330691279,1,7,3000,3000,600,600,2998,2696,245,57,0,0,4.33333,0
330691279,1,7,3000,1000,600,600,1000,975,23,2,0,0,0.45,0
330691279,1,7,3000,2000,600,600,1999,1850,136,13,0,0,1.88333,0
330691279,1,7,3000,4000,600,600,3997,3485,373,139,0,0,7.8,0
330691279,1,7,3000,5000,600,600,4998,4230,549,219,0,0,12.3833,0
330691279,1,7,3000,6000,600,600,5999,4803,808,388,0,0,18.0667,0
330691279,1,8,3000,3000,600,600,2996,867,1298,831,0,0,4.28333,0
330691279,1,8,3000,1000,600,600,999,652,304,43,0,0,0.483333,0
330691279,1,8,3000,2000,600,600,1994,853,828,313,0,0,1.91667,0
330691279,1,8,3000,4000,600,600,3995,877,1668,1450,0,0,7.76667,0
330691279,1,8,3000,5000,600,600,4993,892,1915,2186,0,0,12.3667,0
330691279,1,8,3000,6000,600,600,5997,889,2096,3012,0,0,18.15,0
330691279,1,9,3000,3000,600,600,2998,2312,432,254,0,0,4.28333,0
330691279,1,9,3000,1000,600,600,998,933,55,10,0,0,0.466667,0
330691279,1,9,3000,2000,600,600,1999,1694,229,76,0,0,1.9,0
330691279,1,9,3000,4000,600,600,3999,2704,679,616,0,0,7.81667,0
330691279,1,9,3000,5000,600,600,4993,3055,938,1000,0,0,12.3833,0
330691279,1,9,3000,6000,600,600,5998,3302,1192,1504,0,0,18.0667,0
2176913504,1,1,3000,3000,600,600,3000,2647,353,0,0,0,4.28333,0
2176913504,1,1,3000,1000,600,600,1000,953,47,0,0,0,0.433333,0
2176913504,1,1,3000,2000,600,600,1999,1806,193,0,0,0,1.86667,0
2176913504,1,1,3000,4000,600,600,3999,3358,629,12,0,0,7.63333,0
2176913504,1,1,3000,5000,600,600,5000,3955,1015,30,0,0,12.1167,0
2176913504,1,1,3000,6000,600,600,5998,4573,1384,41,0,0,17.75,0
2176913504,1,2,3000,3000,600,600,2998,218,1656,1124,0,0,4.35,0
2176913504,1,2,3000,1000,600,600,998,347,557,94,0,0,0.466667,0
2176913504,1,2,3000,2000,600,600,1996,296,1201,499,0,0,1.93333,0
2176913504,1,2,3000,4000,600,600,3995,189,1928,1878,0,0,7.81667,0
2176913504,1,2,3000,5000,600,600,4994,136,2106,2752,0,0,12.3833,0
2176913504,1,2,3000,6000,600,600,5993,103,2243,3647,0,0,18.4167,0
2176913504,1,3,3000,3000,600,600,3000,2232,479,289,0,0,4.41667,0
2176913504,1,3,3000,1000,600,600,999,917,70,12,0,0,0.466667,0
2176913504,1,3,3000,2000,600,600,1998,1628,263,107,0,0,1.9,0
2176913504,1,3,3000,4000,600,600,3996,2700,762,534,0,0,7.68333,0
2176913504,1,3,3000,5000,600,600,4998,2939,1066,993,0,0,12.25,0
2176913504,1,3,3000,6000,600,600,5997,3168,1322,1507,0,0,18.5,0
2176913504,1,4,3000,3000,600,600,3000,2750,196,54,0,0,4.48333,0
2176913504,1,4,3000,1000,600,600,1000,975,24,1,0,0,0.483333,0
2176913504,1,4,3000,2000,600,600,1999,1842,142,15,0,0,1.95,0
2176913504,1,4,3000,4000,600,600,3999,3525,370,104,0,0,8,0
2176913504,1,4,3000,5000,600,600,4999,4162,561,276,0,0,12.8667,0
2176913504,1,4,3000,6000,600,600,5997,4820,764,413,0,0,19.0833,0
2176913504,1,5,3000,3000,600,600,3000,900,1301,799,0,0,4.4,0
2176913504,1,5,3000,1000,600,600,998,618,326,54,0,0,0.466667,0
2176913504,1,5,3000,2000,600,600,1996,823,852,321,0,0,1.91667,0
2176913504,1,5,3000,4000,600,600,3994,900,1666,1428,0,0,8.2,0
2176913504,1,5,3000,5000,600,600,4995,895,1898,2202,0,0,12.75,0
2176913504,1,5,3000,6000,600,600,5995,901,2063,3031,0,0,18.7333,0
2176913504,1,6,3000,3000,600,600,3000,2674,326,0,0,0,4.61667,0
2176913504,1,6,3000,1000,600,600,1000,956,44,0,0,0,0.466667,0
2176913504,1,6,3000,2000,600,600,1999,1818,181,0,0,0,1.96667,0
2176913504,1,6,3000,4000,600,600,3999,3402,583,14,0,0,7.9,0
2176913504,1,6,3000,5000,600,600,5000,4048,918,34,0,0,12.7167,0
2176913504,1,6,3000,6000,600,600,5998,4694,1255,49,0,0,18.4833,0
2176913504,1,7,3000,3000,600,600,3000,2750,195,55,0,0,4.48333,0
2176913504,1,7,3000,1000,600,600,1000,973,26,1,0,0,0.483333,0
2176913504,1,7,3000,2000,600,600,1999,1847,137,15,0,0,1.96667,0
2176913504,1,7,3000,4000,600,600,3999,3525,369,105,0,0,8.15,0
2176913504,1,7,3000,5000,600,600,4999,4175,545,279,0,0,12.7833,0
2176913504,1,7,3000,6000,600,600,5997,4821,758,418,0,0,18.7,0
2176913504,1,8,3000,3000,600,600,3000,898,1303,799,0,0,4.5,0
2176913504,1,8,3000,1000,600,600,998,618,326,54,0,0,0.483333,0
2176913504,1,8,3000,2000,600,600,1996,823,852,321,0,0,2,0
2176913504,1,8,3000,4000,600,600,3994,900,1666,1428,0,0,8.21667,0
2176913504,1,8,3000,5000,600,600,4995,895,1898,2202,0,0,13.0333,0
2176913504,1,8,3000,6000,600,600,5995,901,2063,3031,0,0,18.6667,0
2176913504,1,9,3000,3000,600,600,2997,2312,426,259,0,0,4.43333,0
2176913504,1,9,3000,1000,600,600,999,948,44,7,0,0,0.483333,0
2176913504,1,9,3000,2000,600,600,1999,1701,209,89,0,0,1.95,0
2176913504,1,9,3000,4000,600,600,3996,2750,654,592,0,0,8.05,0
2176913504,1,9,3000,5000,600,600,4998,3083,925,990,0,0,12.65,0
2176913504,1,9,3000,6000,600,600,5996,3369,1190,1437,0,0,18.9,0
3406637037,1,1,3000,3000,600,600,3000,2588,407,5,0,0,4.46667,0
3406637037,1,1,3000,1000,600,600,1000,952,48,0,0,0,0.466667,0
3406637037,1,1,3000,2000,600,600,2000,1829,170,1,0,0,1.96667,0
3406637037,1,1,3000,4000,600,600,3999,3352,635,12,0,0,8.15,0
3406637037,1,1,3000,5000,600,600,4999,3983,992,24,0,0,12.65,0
3406637037,1,1,3000,6000,600,600,5998,4538,1409,51,0,0,18.6833,0
3406637037,1,2,3000,3000,600,600,2997,243,1653,1101,0,0,4.46667,0
3406637037,1,2,3000,1000,600,600,998,383,544,71,0,0,0.466667,0
3406637037,1,2,3000,2000,600,600,1997,302,1223,472,0,0,1.91667,0
3406637037,1,2,3000,4000,600,600,3993,179,1937,1877,0,0,8.03333,0
3406637037,1,2,3000,5000,600,600,4993,163,2111,2719,0,0,13.15,0
3406637037,1,2,3000,6000,600,600,5992,127,2239,3626,0,0,18.7167,0
3406637037,1,3,3000,3000,600,600,2997,2234,496,267,0,0,4.5,0
3406637037,1,3,3000,1000,600,600,999,936,54,9,0,0,0.466667,0
3406637037,1,3,3000,2000,600,600,1998,1648,254,96,0,0,1.96667,0
3406637037,1,3,3000,4000,600,600,3996,2674,751,571,0,0,8.06667,0
3406637037,1,3,3000,5000,600,600,4994,3005,1026,963,0,0,12.7667,0
3406637037,1,3,3000,6000,600,600,5995,3168,1329,1498,0,0,18.95,0
3406637037,1,4,3000,3000,600,600,2999,2714,241,44,0,0,4.55,0
3406637037,1,4,3000,1000,600,600,1000,975,23,2,0,0,0.483333,0
3406637037,1,4,3000,2000,600,600,2000,1891,92,17,0,0,1.96667,0
3406637037,1,4,3000,4000,600,600,3997,3487,383,127,0,0,8.15,0
3406637037,1,4,3000,5000,600,600,4999,4168,597,234,0,0,12.9833,0
3406637037,1,4,3000,6000,600,600,5997,4829,772,396,0,0,18.55,0
3406637037,1,5,3000,3000,600,600,2997,913,1303,781,0,0,4.53333,0
3406637037,1,5,3000,1000,600,600,999,664,299,36,0,0,0.483333,0
3406637037,1,5,3000,2000,600,600,1998,864,836,298,0,0,1.96667,0
3406637037,1,5,3000,4000,600,600,3995,952,1624,1419,0,0,8.11667,0
3406637037,1,5,3000,5000,600,600,4993,956,1865,2172,0,0,12.9167,0
3406637037,1,5,3000,6000,600,600,5993,907,2092,2994,0,0,18.7833,0
3406637037,1,6,3000,3000,600,600,3000,2627,368,5,0,0,4.51667,0
3406637037,1,6,3000,1000,600,600,1000,955,45,0,0,0,0.483333,0
3406637037,1,6,3000,2000,600,600,2000,1847,152,1,0,0,1.95,0
3406637037,1,6,3000,4000,600,600,3999,3403,583,13,0,0,8.21667,0
3406637037,1,6,3000,5000,600,600,4999,4079,894,26,0,0,12.7333,0
3406637037,1,6,3000,6000,600,600,5998,4676,1268,54,0,0,18.6333,0
3406637037,1,7,3000,3000,600,600,2999,2724,230,45,0,0,4.46667,0
3406637037,1,7,3000,1000,600,600,1000,975,23,2,0,0,0.483333,0
3406637037,1,7,3000,2000,600,600,2000,1892,91,17,0,0,1.98333,0
3406637037,1,7,3000,4000,600,600,3997,3500,368,129,0,0,8.06667,0
3406637037,1,7,3000,5000,600,600,4999,4185,579,235,0,0,12.9,0
3406637037,1,7,3000,6000,600,600,5997,4820,771,406,0,0,18.5833,0
3406637037,1,8,3000,3000,600,600,2997,911,1305,781,0,0,4.46667,0
3406637037,1,8,3000,1000,600,600,999,664,299,36,0,0,0.466667,0
3406637037,1,8,3000,2000,600,600,1998,864,835,299,0,0,1.96667,0
3406637037,1,8,3000,4000,600,600,3995,951,1625,1419,0,0,8.2,0
3406637037,1,8,3000,5000,600,600,4993,954,1866,2173,0,0,12.8,0
3406637037,1,8,3000,6000,600,600,5993,904,2093,2996,0,0,18.9667,0
3406637037,1,9,3000,3000,600,600,2999,2309,443,247,0,0,4.51667,0
3406637037,1,9,3000,1000,600,600,1000,910,75,15,0,0,0.5,0
3406637037,1,9,3000,2000,600,600,1999,1679,240,80,0,0,1.93333,0
3406637037,1,9,3000,4000,600,600,3995,2703,705,587,0,0,8.15,0
3406637037,1,9,3000,5000,600,600,4997,3119,891,987,0,0,12.9167,0
3406637037,1,9,3000,6000,600,600,5997,3378,1164,1455,0,0,18.7,0
2505229478,1,1,3000,3000,600,600,3000,2616,378,6,0,0,4.5,0
2505229478,1,1,3000,1000,600,600,1000,960,40,0,0,0,0.5,0
2505229478,1,1,3000,2000,600,600,2000,1804,194,2,0,0,1.91667,0
2505229478,1,1,3000,4000,600,600,4000,3277,714,9,0,0,8.06667,0
2505229478,1,1,3000,5000,600,600,4997,3885,1082,30,0,0,12.65,0
2505229478,1,1,3000,6000,600,600,5999,4511,1453,35,0,0,18.6333,0
2505229478,1,2,3000,3000,600,600,2994,216,1661,1117,0,0,4.45,0
2505229478,1,2,3000,1000,600,600,998,363,546,89,0,0,0.466667,0
2505229478,1,2,3000,2000,600,600,1997,293,1217,487,0,0,1.96667,0
2505229478,1,2,3000,4000,600,600,3994,173,1934,1887,0,0,8.31667,0
2505229478,1,2,3000,5000,600,600,4994,133,2108,2753,0,0,13.0167,0
2505229478,1,2,3000,6000,600,600,5992,135,2216,3641,0,0,19.0167,0
2505229478,1,3,3000,3000,600,600,2997,2237,477,283,0,0,4.6,0
2505229478,1,3,3000,1000,600,600,1000,942,46,12,0,0,0.483333,0
2505229478,1,3,3000,2000,600,600,1999,1664,242,93,0,0,1.93333,0
2505229478,1,3,3000,4000,600,600,3998,2659,738,601,0,0,7.98333,0
2505229478,1,3,3000,5000,600,600,4996,2985,1030,981,0,0,12.9167,0
2505229478,1,3,3000,6000,600,600,5994,3173,1343,1478,0,0,18.6167,0
2505229478,1,4,3000,3000,600,600,2999,2718,226,55,0,0,4.48333,0
2505229478,1,4,3000,1000,600,600,1000,980,20,0,0,0,0.466667,0
2505229478,1,4,3000,2000,600,600,2000,1870,113,17,0,0,1.91667,0
2505229478,1,4,3000,4000,600,600,4000,3466,422,112,0,0,8.2,0
2505229478,1,4,3000,5000,600,600,4997,4152,610,235,0,0,12.9167,0
2505229478,1,4,3000,6000,600,600,5997,4761,843,393,0,0,18.6167,0
2505229478,1,5,3000,3000,600,600,2994,879,1302,813,0,0,4.4,0
2505229478,1,5,3000,1000,600,600,999,638,309,52,0,0,0.45,0
2505229478,1,5,3000,2000,600,600,1998,832,843,323,0,0,1.9,0
2505229478,1,5,3000,4000,600,600,3993,878,1669,1446,0,0,8.13333,0
2505229478,1,5,3000,5000,600,600,4994,872,1903,2219,0,0,12.75,0
2505229478,1,5,3000,6000,600,600,5994,944,2044,3006,0,0,19.0333,0
2505229478,1,6,3000,3000,600,600,3000,2647,346,7,0,0,4.5,0
2505229478,1,6,3000,1000,600,600,1000,965,35,0,0,0,0.516667,0
2505229478,1,6,3000,2000,600,600,2000,1817,181,2,0,0,1.98333,0
2505229478,1,6,3000,4000,600,600,4000,3333,658,9,0,0,8.15,0
2505229478,1,6,3000,5000,600,600,4997,3962,1003,32,0,0,12.8,0
2505229478,1,6,3000,6000,600,600,5999,4642,1319,38,0,0,18.8167,0
2505229478,1,7,3000,3000,600,600,2999,2722,220,57,0,0,4.43333,0
2505229478,1,7,3000,1000,600,600,1000,978,21,1,0,0,0.5,0
2505229478,1,7,3000,2000,600,600,2000,1871,112,17,0,0,1.96667,0
2505229478,1,7,3000,4000,600,600,4000,3469,417,114,0,0,8,0
2505229478,1,7,3000,5000,600,600,4997,4159,598,240,0,0,12.9167,0
2505229478,1,7,3000,6000,600,600,5997,4779,818,400,0,0,18.7667,0
2505229478,1,8,3000,3000,600,600,2994,878,1303,813,0,0,4.51667,0
2505229478,1,8,3000,1000,600,600,999,638,308,53,0,0,0.483333,0
2505229478,1,8,3000,2000,600,600,1998,832,843,323,0,0,1.96667,0
2505229478,1,8,3000,4000,600,600,3993,877,1670,1446,0,0,8.16667,0
2505229478,1,8,3000,5000,600,600,4994,872,1903,2219,0,0,12.7667,0
2505229478,1,8,3000,6000,600,600,5994,945,2044,3005,0,0,18.95,0
2505229478,1,9,3000,3000,600,600,2998,2247,467,284,0,0,4.56667,0
2505229478,1,9,3000,1000,600,600,999,919,72,8,0,0,0.5,0
2505229478,1,9,3000,2000,600,600,1998,1694,213,91,0,0,1.95,0
2505229478,1,9,3000,4000,600,600,3993,2734,681,578,0,0,8.05,0
2505229478,1,9,3000,5000,600,600,4997,3117,918,962,0,0,12.8667,0
2505229478,1,9,3000,6000,600,600,5995,3287,1198,1510,0,0,18.55,0
1322037093,1,1,3000,3000,600,600,3000,2620,376,4,0,0,4.4,0
1322037093,1,1,3000,1000,600,600,1000,964,36,0,0,0,0.483333,0
1322037093,1,1,3000,2000,600,600,2000,1813,186,1,0,0,1.96667,0
1322037093,1,1,3000,4000,600,600,3998,3302,686,10,0,0,7.96667,0
1322037093,1,1,3000,5000,600,600,4997,3953,1013,31,0,0,12.6833,0
1322037093,1,1,3000,6000,600,600,5999,4601,1351,47,0,0,18.7333,0
1322037093,1,2,3000,3000,600,600,2996,239,1656,1101,0,0,4.5,0
1322037093,1,2,3000,1000,600,600,997,344,576,77,0,0,0.466667,0
1322037093,1,2,3000,2000,600,600,1994,300,1200,494,0,0,1.91667,0
1322037093,1,2,3000,4000,600,600,3993,204,1898,1891,0,0,8.11667,0
1322037093,1,2,3000,5000,600,600,4994,168,2088,2738,0,0,13.0167,0
1322037093,1,2,3000,6000,600,600,5994,131,2237,3626,0,0,19.25,0
1322037093,1,3,3000,3000,600,600,2998,2256,494,248,0,0,4.58333,0
1322037093,1,3,3000,1000,600,600,1000,947,46,7,0,0,0.483333,0
1322037093,1,3,3000,2000,600,600,1998,1633,262,103,0,0,1.95,0
1322037093,1,3,3000,4000,600,600,3996,2635,771,590,0,0,8.05,0
1322037093,1,3,3000,5000,600,600,4995,3002,1033,960,0,0,12.7667,0
1322037093,1,3,3000,6000,600,600,5994,3190,1323,1481,0,0,18.4833,0
1322037093,1,4,3000,3000,600,600,3000,2744,217,39,0,0,4.51667,0
1322037093,1,4,3000,1000,600,600,1000,980,18,2,0,0,0.5,0
1322037093,1,4,3000,2000,600,600,1998,1858,122,18,0,0,1.93333,0
1322037093,1,4,3000,4000,600,600,3997,3473,395,129,0,0,8.05,0
1322037093,1,4,3000,5000,600,600,4997,4177,617,203,0,0,12.6333,0
1322037093,1,4,3000,6000,600,600,5999,4784,836,379,0,0,18.6833,0
1322037093,1,5,3000,3000,600,600,2998,955,1276,767,0,0,4.43333,0
1322037093,1,5,3000,1000,600,600,998,633,325,40,0,0,0.5,0
1322037093,1,5,3000,2000,600,600,1996,832,840,324,0,0,1.93333,0
1322037093,1,5,3000,4000,600,600,3994,939,1606,1449,0,0,8.13333,0
1322037093,1,5,3000,5000,600,600,4993,928,1873,2192,0,0,12.85,0
1322037093,1,5,3000,6000,600,600,5994,892,2089,3013,0,0,19.1833,0
1322037093,1,6,3000,3000,600,600,3000,2651,345,4,0,0,4.5,0
1322037093,1,6,3000,1000,600,600,1000,969,31,0,0,0,0.483333,0
1322037093,1,6,3000,2000,600,600,2000,1833,166,1,0,0,1.93333,0
1322037093,1,6,3000,4000,600,600,3998,3359,625,14,0,0,8.1,0
1322037093,1,6,3000,5000,600,600,4997,4029,934,34,0,0,12.6167,0
1322037093,1,6,3000,6000,600,600,5999,4712,1239,48,0,0,18.3333,0
1322037093,1,7,3000,3000,600,600,3000,2738,222,40,0,0,4.4,0
1322037093,1,7,3000,1000,600,600,1000,980,18,2,0,0,0.483333,0
1322037093,1,7,3000,2000,600,600,1998,1858,122,18,0,0,1.95,0
1322037093,1,7,3000,4000,600,600,3997,3476,390,131,0,0,8.06667,0
1322037093,1,7,3000,5000,600,600,4997,4189,601,207,0,0,12.8833,0
1322037093,1,7,3000,6000,600,600,5999,4803,810,386,0,0,18.5833,0
1322037093,1,8,3000,3000,600,600,2998,955,1275,768,0,0,4.43333,0
1322037093,1,8,3000,1000,600,600,998,633,325,40,0,0,0.5,0
1322037093,1,8,3000,2000,600,600,1996,832,840,324,0,0,1.93333,0
1322037093,1,8,3000,4000,600,600,3994,939,1606,1449,0,0,8.11667,0
1322037093,1,8,3000,5000,600,600,4993,928,1873,2192,0,0,12.7833,0
1322037093,1,8,3000,6000,600,600,5994,892,2090,3012,0,0,15.4333,0
1322037093,1,9,3000,3000,600,600,2996,2278,449,269,0,0,3.58333,0
1322037093,1,9,3000,1000,600,600,999,928,57,14,0,0,0.366667,0
1322037093,1,9,3000,2000,600,600,1999,1722,214,63,0,0,1.5,0
1322037093,1,9,3000,4000,600,600,3996,2729,689,578,0,0,6.06667,0
1322037093,1,9,3000,5000,600,600,4998,3059,959,980,0,0,10.2833,0
1322037093,1,9,3000,6000,600,600,5997,3375,1188,1434,0,0,14.8667,0
1650358234,1,1,3000,3000,600,600,2999,2602,392,5,0,0,3.8,0
1650358234,1,1,3000,1000,600,600,999,954,45,0,0,0,0.383333,0
1650358234,1,1,3000,2000,600,600,2000,1817,179,4,0,0,1.6,0
1650358234,1,1,3000,4000,600,600,3999,3317,669,13,0,0,6.58333,0
1650358234,1,1,3000,5000,600,600,5000,3976,1007,17,0,0,10.5167,0
1650358234,1,1,3000,6000,600,600,5998,4631,1318,49,0,0,14.5833,0
1650358234,1,2,3000,3000,600,600,2994,247,1618,1129,0,0,3.7,0
1650358234,1,2,3000,1000,600,600,998,383,513,102,0,0,0.366667,0
1650358234,1,2,3000,2000,600,600,1993,309,1199,485,0,0,1.65,0
1650358234,1,2,3000,4000,600,600,3994,179,1925,1890,0,0,6.51667,0
1650358234,1,2,3000,5000,600,600,4998,153,2097,2748,0,0,10.0333,0
1650358234,1,2,3000,6000,600,600,5993,114,2257,3622,0,0,15,0
1650358234,1,3,3000,3000,600,600,2996,2240,473,283,0,0,3.4,0
1650358234,1,3,3000,1000,600,600,998,915,71,12,0,0,0.383333,0
1650358234,1,3,3000,2000,600,600,1997,1697,213,87,0,0,1.66667,0
1650358234,1,3,3000,4000,600,600,3996,2713,723,560,0,0,6.13333,0
1650358234,1,3,3000,5000,600,600,4999,3026,973,1000,0,0,10.2,0
1650358234,1,3,3000,6000,600,600,5994,3143,1323,1528,0,0,14.4,0
1650358234,1,4,3000,3000,600,600,2998,2725,214,59,0,0,3.5,0
1650358234,1,4,3000,1000,600,600,998,959,37,2,0,0,0.416667,0
1650358234,1,4,3000,2000,600,600,1999,1893,92,14,0,0,1.68333,0
1650358234,1,4,3000,4000,600,600,3996,3477,393,126,0,0,6.11667,0
1650358234,1,4,3000,5000,600,600,4998,4190,594,214,0,0,10.3167,0
1650358234,1,4,3000,6000,600,600,5998,4804,797,397,0,0,14.9167,0
1650358234,1,5,3000,3000,600,600,2995,893,1274,828,0,0,3.71667,0
1650358234,1,5,3000,1000,600,600,998,642,300,56,0,0,0.4,0
1650358234,1,5,3000,2000,600,600,1994,853,822,319,0,0,1.63333,0
1650358234,1,5,3000,4000,600,600,3994,920,1633,1441,0,0,6.11667,0
1650358234,1,5,3000,5000,600,600,4997,906,1878,2213,0,0,10.2833,0
1650358234,1,5,3000,6000,600,600,5993,906,2068,3019,0,0,14.8667,0
1650358234,1,6,3000,3000,600,600,2999,2628,366,5,0,0,3.35,0
1650358234,1,6,3000,1000,600,600,999,956,43,0,0,0,0.4,0
1650358234,1,6,3000,2000,600,600,2000,1832,164,4,0,0,1.58333,0
1650358234,1,6,3000,4000,600,600,3999,3379,606,14,0,0,6.25,0
1650358234,1,6,3000,5000,600,600,5000,4055,927,18,0,0,10.3667,0
1650358234,1,6,3000,6000,600,600,5998,4740,1204,54,0,0,15.1333,0
1650358234,1,7,3000,3000,600,600,2998,2731,208,59,0,0,3.68333,0
1650358234,1,7,3000,1000,600,600,998,959,37,2,0,0,0.433333,0
1650358234,1,7,3000,2000,600,600,1999,1890,95,14,0,0,1.61667,0
1650358234,1,7,3000,4000,600,600,3996,3480,389,127,0,0,6.81667,0
1650358234,1,7,3000,5000,600,600,4998,4184,596,218,0,0,10.5667,0
1650358234,1,7,3000,6000,600,600,5998,4804,789,405,0,0,15.0833,0
1650358234,1,8,3000,3000,600,600,2995,893,1274,828,0,0,3.8,0
1650358234,1,8,3000,1000,600,600,998,642,300,56,0,0,0.366667,0
1650358234,1,8,3000,2000,600,600,1994,853,822,319,0,0,1.66667,0
1650358234,1,8,3000,4000,600,600,3994,920,1633,1441,0,0,6.55,0
1650358234,1,8,3000,5000,600,600,4997,906,1878,2213,0,0,9.76667,0
1650358234,1,8,3000,6000,600,600,5993,906,2068,3019,0,0,14.5,0
1650358234,1,9,3000,3000,600,600,2998,2328,412,258,0,0,3.85,0
1650358234,1,9,3000,1000,600,600,999,918,71,10,0,0,0.4,0
1650358234,1,9,3000,2000,600,600,1998,1684,223,91,0,0,1.51667,0
1650358234,1,9,3000,4000,600,600,3997,2823,651,523,0,0,6.38333,0
1650358234,1,9,3000,5000,600,600,4994,3040,971,983,0,0,10.7,0
1650358234,1,9,3000,6000,600,600,5999,3278,1214,1507,0,0,15.5667,0
598778314,1,1,3000,3000,600,600,2999,2622,373,4,0,0,3.35,0
598778314,1,1,3000,1000,600,600,1000,951,49,0,0,0,0.366667,0
598778314,1,1,3000,2000,600,600,2000,1833,165,2,0,0,1.65,0
598778314,1,1,3000,4000,600,600,3999,3352,636,11,0,0,6.6,0
598778314,1,1,3000,5000,600,600,4999,3966,1017,16,0,0,10.8,0
598778314,1,1,3000,6000,600,600,5999,4498,1459,42,0,0,14.9333,0
598778314,1,2,3000,3000,600,600,2995,243,1658,1094,0,0,3.5,0
598778314,1,2,3000,1000,600,600,999,384,539,76,0,0,0.383333,0
598778314,1,2,3000,2000,600,600,1998,331,1213,454,0,0,1.53333,0
598778314,1,2,3000,4000,600,600,3993,166,1934,1893,0,0,6.63333,0
598778314,1,2,3000,5000,600,600,4994,154,2087,2753,0,0,10.1833,0
598778314,1,2,3000,6000,600,600,5995,111,2251,3633,0,0,15.4667,0
598778314,1,3,3000,3000,600,600,2998,2326,439,233,0,0,3.7,0
598778314,1,3,3000,1000,600,600,999,903,82,14,0,0,0.416667,0
598778314,1,3,3000,2000,600,600,1999,1681,246,72,0,0,1.7,0
598778314,1,3,3000,4000,600,600,3997,2694,739,564,0,0,6.58333,0
598778314,1,3,3000,5000,600,600,4997,2944,1043,1010,0,0,10.7667,0
598778314,1,3,3000,6000,600,600,5999,3207,1278,1514,0,0,15.6,0
598778314,1,4,3000,3000,600,600,2998,2707,243,48,0,0,3.36667,0
598778314,1,4,3000,1000,600,600,1000,976,24,0,0,0,0.383333,0
598778314,1,4,3000,2000,600,600,1999,1875,110,14,0,0,1.56667,0
598778314,1,4,3000,4000,600,600,3998,3484,407,107,0,0,6.71667,0
598778314,1,4,3000,5000,600,600,4998,4185,596,217,0,0,10.4333,0
598778314,1,4,3000,6000,600,600,5998,4778,828,392,0,0,15.5333,0
598778314,1,5,3000,3000,600,600,2994,891,1319,784,0,0,3.76667,0
598778314,1,5,3000,1000,600,600,999,625,319,55,0,0,0.4,0
598778314,1,5,3000,2000,600,600,1998,867,850,281,0,0,1.65,0
598778314,1,5,3000,4000,600,600,3995,937,1607,1451,0,0,6.55,0
598778314,1,5,3000,5000,600,600,4994,916,1881,2197,0,0,10.65,0
598778314,1,5,3000,6000,600,600,5998,893,2086,3019,0,0,15,0
598778314,1,6,3000,3000,600,600,2999,2664,331,4,0,0,3.36667,0
598778314,1,6,3000,1000,600,600,1000,955,45,0,0,0,0.35,0
598778314,1,6,3000,2000,600,600,2000,1843,154,3,0,0,1.5,0
598778314,1,6,3000,4000,600,600,3999,3408,579,12,0,0,6.36667,0
598778314,1,6,3000,5000,600,600,4999,4028,954,17,0,0,9.7,0
598778314,1,6,3000,6000,600,600,5999,4611,1339,49,0,0,14.1667,0
598778314,1,7,3000,3000,600,600,2998,2711,238,49,0,0,3.43333,0
598778314,1,7,3000,1000,600,600,1000,977,23,0,0,0,0.366667,0
598778314,1,7,3000,2000,600,600,1999,1877,108,14,0,0,1.65,0
598778314,1,7,3000,4000,600,600,3998,3489,401,108,0,0,6.76667,0
598778314,1,7,3000,5000,600,600,4998,4182,597,219,0,0,9.85,0
598778314,1,7,3000,6000,600,600,5998,4803,798,397,0,0,14.65,0
598778314,1,8,3000,3000,600,600,2994,891,1318,785,0,0,3.7,0
598778314,1,8,3000,1000,600,600,999,625,319,55,0,0,0.383333,0
598778314,1,8,3000,2000,600,600,1998,867,850,281,0,0,1.53333,0
598778314,1,8,3000,4000,600,600,3995,936,1608,1451,0,0,6.2,0
598778314,1,8,3000,5000,600,600,4994,916,1881,2197,0,0,10.1,0
598778314,1,8,3000,6000,600,600,5998,891,2087,3020,0,0,14.9,0
598778314,1,9,3000,3000,600,600,2995,2288,440,267,0,0,3.51667,0
598778314,1,9,3000,1000,600,600,997,925,56,16,0,0,0.383333,0
598778314,1,9,3000,2000,600,600,1997,1710,200,87,0,0,1.63333,0
598778314,1,9,3000,4000,600,600,3996,2722,681,593,0,0,6.38333,0
598778314,1,9,3000,5000,600,600,4998,2971,967,1060,0,0,10.5833,0
598778314,1,9,3000,6000,600,600,5996,3285,1215,1496,0,0,15.35,0
1964464695,1,1,3000,3000,600,600,2998,2582,409,7,0,0,3.33333,0
1964464695,1,1,3000,1000,600,600,1000,940,60,0,0,0,0.4,0
1964464695,1,1,3000,2000,600,600,2000,1829,169,2,0,0,1.53333,0
1964464695,1,1,3000,4000,600,600,3999,3291,696,12,0,0,6.51667,0
1964464695,1,1,3000,5000,600,600,4999,3965,1007,27,0,0,10.0167,0
1964464695,1,1,3000,6000,600,600,6000,4554,1407,39,0,0,15.2167,0
1964464695,1,2,3000,3000,600,600,2994,243,1626,1125,0,0,3.61667,0
1964464695,1,2,3000,1000,600,600,998,357,542,99,0,0,0.433333,0
1964464695,1,2,3000,2000,600,600,1995,297,1232,466,0,0,1.65,0
1964464695,1,2,3000,4000,600,600,3993,179,1908,1906,0,0,6.73333,0
1964464695,1,2,3000,5000,600,600,4993,140,2121,2732,0,0,9.83333,0
1964464695,1,2,3000,6000,600,600,5994,116,2260,3618,0,0,15.1167,0
1964464695,1,3,3000,3000,600,600,2998,2235,496,267,0,0,3.4,0
1964464695,1,3,3000,1000,600,600,1000,899,84,17,0,0,0.366667,0
1964464695,1,3,3000,2000,600,600,2000,1639,262,99,0,0,1.5,0
1964464695,1,3,3000,4000,600,600,3997,2659,753,585,0,0,6.1,0
1964464695,1,3,3000,5000,600,600,4995,2972,1027,996,0,0,10.2333,0
1964464695,1,3,3000,6000,600,600,5996,3218,1313,1465,0,0,15.2,0
1964464695,1,4,3000,3000,600,600,2998,2693,255,50,0,0,3.55,0
1964464695,1,4,3000,1000,600,600,1000,958,38,4,0,0,0.416667,0
1964464695,1,4,3000,2000,600,600,2000,1872,112,16,0,0,1.68333,0
1964464695,1,4,3000,4000,600,600,3998,3460,424,114,0,0,6.48333,0
1964464695,1,4,3000,5000,600,600,4998,4179,592,227,0,0,10.6333,0
1964464695,1,4,3000,6000,600,600,5998,4853,814,331,0,0,15.2167,0
1964464695,1,5,3000,3000,600,600,2997,903,1290,804,0,0,3.45,0
1964464695,1,5,3000,1000,600,600,998,613,323,62,0,0,0.4,0
1964464695,1,5,3000,2000,600,600,1995,855,831,309,0,0,1.5,0
1964464695,1,5,3000,4000,600,600,3993,895,1652,1446,0,0,6.6,0
1964464695,1,5,3000,5000,600,600,4994,923,1893,2178,0,0,10.1,0
1964464695,1,5,3000,6000,600,600,5994,887,2094,3013,0,0,14.0667,0
1964464695,1,6,3000,3000,600,600,2998,2611,380,7,0,0,3.53333,0
1964464695,1,6,3000,1000,600,600,1000,949,51,0,0,0,0.366667,0
1964464695,1,6,3000,2000,600,600,2000,1833,165,2,0,0,1.66667,0
1964464695,1,6,3000,4000,600,600,3999,3363,624,12,0,0,6.3,0
1964464695,1,6,3000,5000,600,600,4999,4027,945,27,0,0,10.35,0
1964464695,1,6,3000,6000,600,600,6000,4665,1295,40,0,0,14.65,0
1964464695,1,7,3000,3000,600,600,2998,2694,253,51,0,0,3.56667,0
1964464695,1,7,3000,1000,600,600,1000,958,38,4,0,0,0.416667,0
1964464695,1,7,3000,2000,600,600,2000,1878,106,16,0,0,1.53333,0
1964464695,1,7,3000,4000,600,600,3998,3449,434,115,0,0,6.15,0
1964464695,1,7,3000,5000,600,600,4998,4176,592,230,0,0,9.63333,0
1964464695,1,7,3000,6000,600,600,5998,4851,810,337,0,0,14.25,0
1964464695,1,8,3000,3000,600,600,2997,903,1290,804,0,0,3.8,0
1964464695,1,8,3000,1000,600,600,998,613,323,62,0,0,0.4,0
1964464695,1,8,3000,2000,600,600,1995,855,831,309,0,0,1.68333,0
1964464695,1,8,3000,4000,600,600,3993,895,1652,1446,0,0,6.61667,0
1964464695,1,8,3000,5000,600,600,4994,923,1893,2178,0,0,9.91667,0
1964464695,1,8,3000,6000,600,600,5994,887,2094,3013,0,0,14.9167,0
1964464695,1,9,3000,3000,600,600,2998,2311,433,254,0,0,3.78333,0
1964464695,1,9,3000,1000,600,600,999,927,61,11,0,0,0.383333,0
1964464695,1,9,3000,2000,600,600,1999,1684,227,88,0,0,1.6,0
1964464695,1,9,3000,4000,600,600,3996,2792,654,550,0,0,6.31667,0
1964464695,1,9,3000,5000,600,600,4997,3112,928,957,0,0,10.3333,0
1964464695,1,9,3000,6000,600,600,5996,3299,1187,1510,0,0,15.1833,0
4010112862,1,1,3000,3000,600,600,2999,2604,393,2,0,0,2.23333,0
4010112862,1,1,3000,1000,600,600,1000,962,37,1,0,0,0.216667,0
4010112862,1,1,3000,2000,600,600,2000,1846,154,0,0,0,1.06667,0
4010112862,1,1,3000,4000,600,600,3999,3377,614,8,0,0,4.26667,0
4010112862,1,1,3000,5000,600,600,4999,3944,1034,21,0,0,7.1,0
4010112862,1,1,3000,6000,600,600,5999,4522,1422,55,0,0,13.6,0
4010112862,1,2,3000,3000,600,600,2995,227,1645,1123,0,0,3.38333,0
4010112862,1,2,3000,1000,600,600,998,365,555,78,0,0,0.383333,0
4010112862,1,2,3000,2000,600,600,1997,310,1211,476,0,0,1.48333,0
4010112862,1,2,3000,4000,600,600,3996,181,1941,1874,0,0,6.16667,0
4010112862,1,2,3000,5000,600,600,4992,137,2122,2733,0,0,10.15,0
4010112862,1,2,3000,6000,600,600,5992,124,2225,3643,0,0,14.5667,0
4010112862,1,3,3000,3000,600,600,2997,2284,477,236,0,0,3.46667,0
4010112862,1,3,3000,1000,600,600,999,911,69,19,0,0,0.383333,0
4010112862,1,3,3000,2000,600,600,1999,1664,254,81,0,0,1.5,0
4010112862,1,3,3000,4000,600,600,3998,2691,724,583,0,0,6.15,0
4010112862,1,3,3000,5000,600,600,4996,2943,1043,1010,0,0,9.53333,0
4010112862,1,3,3000,6000,600,600,5994,3174,1329,1491,0,0,14.7833,0
4010112862,1,4,3000,3000,600,600,2999,2714,235,50,0,0,3.38333,0
4010112862,1,4,3000,1000,600,600,999,964,31,4,0,0,0.366667,0
4010112862,1,4,3000,2000,600,600,2000,1873,112,15,0,0,1.46667,0
4010112862,1,4,3000,4000,600,600,3998,3530,363,105,0,0,6.15,0
4010112862,1,4,3000,5000,600,600,4998,4129,629,240,0,0,9.8,0
4010112862,1,4,3000,6000,600,600,5998,4810,808,380,0,0,14.6333,0
4010112862,1,5,3000,3000,600,600,2996,884,1288,824,0,0,3.41667,0
4010112862,1,5,3000,1000,600,600,998,637,310,51,0,0,0.366667,0
4010112862,1,5,3000,2000,600,600,1998,837,851,310,0,0,1.46667,0
4010112862,1,5,3000,4000,600,600,3995,913,1661,1421,0,0,6.33333,0
4010112862,1,5,3000,5000,600,600,4994,934,1866,2194,0,0,10.2333,0
4010112862,1,5,3000,6000,600,600,5993,890,2070,3033,0,0,14.75,0
4010112862,1,6,3000,3000,600,600,2999,2630,367,2,0,0,3.61667,0
4010112862,1,6,3000,1000,600,600,1000,963,36,1,0,0,0.366667,0
4010112862,1,6,3000,2000,600,600,2000,1858,142,0,0,0,1.46667,0
4010112862,1,6,3000,4000,600,600,3999,3417,573,9,0,0,6.23333,0
4010112862,1,6,3000,5000,600,600,4999,4039,935,25,0,0,10.3,0
4010112862,1,6,3000,6000,600,600,5999,4647,1292,60,0,0,14.1167,0
4010112862,1,7,3000,3000,600,600,2999,2710,238,51,0,0,3.41667,0
4010112862,1,7,3000,1000,600,600,999,964,31,4,0,0,0.383333,0
4010112862,1,7,3000,2000,600,600,2000,1877,108,15,0,0,1.48333,0
4010112862,1,7,3000,4000,600,600,3998,3538,353,107,0,0,6.33333,0
4010112862,1,7,3000,5000,600,600,4998,4136,620,242,0,0,9.56667,0
4010112862,1,7,3000,6000,600,600,5997,4820,790,387,0,0,14.2167,0
4010112862,1,8,3000,3000,600,600,2996,884,1288,824,0,0,3.43333,0
4010112862,1,8,3000,1000,600,600,998,637,310,51,0,0,0.366667,0
4010112862,1,8,3000,2000,600,600,1998,837,851,310,0,0,1.46667,0
4010112862,1,8,3000,4000,600,600,3995,914,1660,1421,0,0,6.38333,0
4010112862,1,8,3000,5000,600,600,4994,935,1865,2194,0,0,10.0833,0
4010112862,1,8,3000,6000,600,600,5993,889,2071,3033,0,0,14.6167,0
4010112862,1,9,3000,3000,600,600,2997,2275,464,258,0,0,3.55,0
4010112862,1,9,3000,1000,600,600,1000,939,50,11,0,0,0.383333,0
4010112862,1,9,3000,2000,600,600,1997,1716,202,79,0,0,1.53333,0
4010112862,1,9,3000,4000,600,600,3996,2811,643,542,0,0,6.48333,0
4010112862,1,9,3000,5000,600,600,4998,3107,898,993,0,0,10.45,0
4010112862,1,9,3000,6000,600,600,5998,3403,1156,1439,0,0,13.9,0
