RunSeed,Seed,Algoritmo,Radius,nDevices,appPeriodSeconds,simulationTime,PHYTotal,PHYSuccessful,PHYInterfered,PHYNoMoreReceivers,PHYUnderSensitivity,PHYLostBecauseTX,SimulationDuration,targetRealocation
497371193,1,1,6000,6000,600,600,6000,2542,507,7,2944,0,21.7333,0
497371193,1,1,6000,1000,600,600,1000,509,13,0,478,0,0.5,0
497371193,1,1,6000,2000,600,600,2000,975,56,0,969,0,2.28333,0
497371193,1,1,6000,3000,600,600,3000,1394,138,0,1468,0,5.23333,0
497371193,1,1,6000,4000,600,600,4000,1843,191,2,1964,0,9.23333,0
497371193,1,1,6000,5000,600,600,5000,2209,324,4,2463,0,14.7333,0
497371193,1,2,6000,6000,600,600,5997,123,2238,3636,0,0,21.85,0
497371193,1,2,6000,1000,600,600,995,383,528,84,0,0,0.566667,0
497371193,1,2,6000,2000,600,600,1997,322,1188,487,0,0,2.23333,0
497371193,1,2,6000,3000,600,600,2996,230,1649,1117,0,0,5.4,0
497371193,1,2,6000,4000,600,600,3995,179,1927,1889,0,0,9.35,0
497371193,1,2,6000,5000,600,600,4994,131,2127,2736,0,0,14.8833,0
497371193,1,3,6000,6000,600,600,5997,3171,1346,1480,0,0,21.4333,0
497371193,1,3,6000,1000,600,600,997,906,82,9,0,0,0.566667,0
497371193,1,3,6000,2000,600,600,2000,1675,240,85,0,0,2.3,0
497371193,1,3,6000,3000,600,600,2999,2220,486,293,0,0,5.23333,0
497371193,1,3,6000,4000,600,600,3997,2707,728,562,0,0,9.33333,0
497371193,1,3,6000,5000,600,600,4996,2915,1055,1026,0,0,14.95,0
497371193,1,4,6000,6000,600,600,5998,3829,649,320,1200,0,21.4167,0
497371193,1,4,6000,1000,600,600,998,778,23,1,196,0,0.583333,0
497371193,1,4,6000,2000,600,600,2000,1513,83,5,399,0,2.2,0
497371193,1,4,6000,3000,600,600,2999,2168,188,45,598,0,5.26667,0
497371193,1,4,6000,4000,600,600,3998,2793,318,92,795,0,9.41667,0
497371193,1,4,6000,5000,600,600,4997,3335,468,165,1029,0,14.7333,0
497371193,1,5,6000,6000,600,600,5998,873,2109,3016,0,0,21.9667,0
497371193,1,5,6000,1000,600,600,996,652,302,42,0,0,0.566667,0
497371193,1,5,6000,2000,600,600,1999,862,823,314,0,0,2.33333,0
497371193,1,5,6000,3000,600,600,2997,911,1302,784,0,0,5.35,0
497371193,1,5,6000,4000,600,600,3996,949,1602,1445,0,0,9.41667,0
497371193,1,5,6000,5000,600,600,4993,900,1891,2202,0,0,15.3333,0
497371193,1,6,6000,6000,600,600,5997,3556,1283,1158,0,0,21.6,0
497371193,1,6,6000,1000,600,600,997,928,62,7,0,0,0.6,0
497371193,1,6,6000,2000,600,600,2000,1742,191,67,0,0,2.38333,0
497371193,1,6,6000,3000,600,600,2999,2335,450,214,0,0,5.26667,0
497371193,1,6,6000,4000,600,600,3997,2850,720,427,0,0,9.35,0
497371193,1,6,6000,5000,600,600,4997,3255,953,789,0,0,14.9333,0
497371193,1,7,6000,6000,600,600,5998,3016,1235,1482,265,0,21.8833,0
497371193,1,7,6000,1000,600,600,996,862,60,14,60,0,0.55,0
497371193,1,7,6000,2000,600,600,1999,1578,240,78,103,0,2.28333,0
497371193,1,7,6000,3000,600,600,2998,2079,455,306,158,0,5.23333,0
497371193,1,7,6000,4000,600,600,3996,2537,722,542,195,0,9.15,0
497371193,1,7,6000,5000,600,600,4996,2747,994,1019,236,0,15.2667,0
497371193,1,8,6000,6000,600,600,5998,752,2091,3155,0,0,18.7,0
497371193,1,8,6000,1000,600,600,995,632,314,49,0,0,0.45,0
497371193,1,8,6000,2000,600,600,1999,816,841,342,0,0,1.9,0
497371193,1,8,6000,3000,600,600,2997,821,1329,847,0,0,4.3,0
497371193,1,8,6000,4000,600,600,3996,828,1649,1519,0,0,7.83333,0
497371193,1,8,6000,5000,600,600,4993,786,1899,2308,0,0,12.4,0
497371193,1,9,6000,6000,600,600,5998,2812,1105,1403,678,0,17.9167,0
497371193,1,9,6000,1000,600,600,1000,775,53,15,157,0,0.45,0
497371193,1,9,6000,2000,600,600,1998,1452,180,81,285,0,1.88333,0
497371193,1,9,6000,3000,600,600,2997,1935,403,268,391,0,4.3,0
497371193,1,9,6000,4000,600,600,3997,2357,600,507,533,0,7.76667,0
497371193,1,9,6000,5000,600,600,4994,2650,818,911,615,0,12.25,0
1804515824,1,1,6000,6000,600,600,6000,2456,478,8,3058,0,18.0167,0
1804515824,1,1,6000,1000,600,600,1000,473,15,0,512,0,0.466667,0
1804515824,1,1,6000,2000,600,600,2000,936,53,0,1011,0,1.83333,0
1804515824,1,1,6000,3000,600,600,3000,1330,132,2,1536,0,4.25,0
1804515824,1,1,6000,4000,600,600,3999,1727,200,7,2065,0,7.81667,0
1804515824,1,1,6000,5000,600,600,5000,2138,284,6,2572,0,12.1667,0
1804515824,1,2,6000,6000,600,600,5993,119,2240,3634,0,0,18.4333,0
1804515824,1,2,6000,1000,600,600,998,339,567,92,0,0,0.483333,0
1804515824,1,2,6000,2000,600,600,1995,319,1198,478,0,0,1.83333,0
1804515824,1,2,6000,3000,600,600,2996,220,1646,1130,0,0,4.4,0
1804515824,1,2,6000,4000,600,600,3994,188,1929,1877,0,0,7.71667,0
1804515824,1,2,6000,5000,600,600,4994,136,2088,2770,0,0,12.4167,0
1804515824,1,3,6000,6000,600,600,5995,3189,1313,1493,0,0,17.9833,0
1804515824,1,3,6000,1000,600,600,999,918,67,14,0,0,0.466667,0
1804515824,1,3,6000,2000,600,600,1999,1650,265,84,0,0,1.85,0
1804515824,1,3,6000,3000,600,600,2998,2190,520,288,0,0,4.35,0
1804515824,1,3,6000,4000,600,600,3995,2634,785,576,0,0,7.91667,0
1804515824,1,3,6000,5000,600,600,4996,2975,1032,989,0,0,12.5333,0
1804515824,1,4,6000,6000,600,600,5998,3721,629,322,1326,0,18.0167,0
1804515824,1,4,6000,1000,600,600,999,754,15,1,229,0,0.45,0
1804515824,1,4,6000,2000,600,600,2000,1456,89,15,440,0,1.83333,0
1804515824,1,4,6000,3000,600,600,2998,2053,207,31,707,0,4.3,0
1804515824,1,4,6000,4000,600,600,3998,2621,328,104,945,0,7.68333,0
1804515824,1,4,6000,5000,600,600,5000,3230,409,203,1158,0,12.2,0
1804515824,1,5,6000,6000,600,600,5993,874,2089,3030,0,0,18.0167,0
1804515824,1,5,6000,1000,600,600,999,633,319,47,0,0,0.45,0
1804515824,1,5,6000,2000,600,600,1997,861,821,315,0,0,1.93333,0
1804515824,1,5,6000,3000,600,600,2996,913,1274,809,0,0,4.28333,0
1804515824,1,5,6000,4000,600,600,3994,878,1647,1469,0,0,7.88333,0
1804515824,1,5,6000,5000,600,600,4993,885,1905,2203,0,0,12.2833,0
1804515824,1,6,6000,6000,600,600,5995,3494,1316,1185,0,0,18.1833,0
1804515824,1,6,6000,1000,600,600,999,923,65,11,0,0,0.466667,0
1804515824,1,6,6000,2000,600,600,1999,1710,227,62,0,0,1.83333,0
1804515824,1,6,6000,3000,600,600,2998,2311,477,210,0,0,4.4,0
1804515824,1,6,6000,4000,600,600,3996,2782,765,449,0,0,7.91667,0
1804515824,1,6,6000,5000,600,600,4997,3249,961,787,0,0,12.4167,0
1804515824,1,7,6000,6000,600,600,5996,2960,1294,1435,307,0,17.9833,0
1804515824,1,7,6000,1000,600,600,999,847,66,16,70,0,0.466667,0
1804515824,1,7,6000,2000,600,600,1999,1541,231,96,131,0,1.86667,0
1804515824,1,7,6000,3000,600,600,2998,2093,449,277,179,0,4.3,0
1804515824,1,7,6000,4000,600,600,3994,2448,727,579,240,0,7.83333,0
1804515824,1,7,6000,5000,600,600,4997,2687,1004,1029,277,0,12.4667,0
1804515824,1,8,6000,6000,600,600,5993,764,2088,3141,0,0,18.0167,0
1804515824,1,8,6000,1000,600,600,999,599,348,52,0,0,0.483333,0
1804515824,1,8,6000,2000,600,600,1997,791,860,346,0,0,1.88333,0
1804515824,1,8,6000,3000,600,600,2996,811,1316,869,0,0,4.38333,0
1804515824,1,8,6000,4000,600,600,3994,787,1652,1555,0,0,8,0
1804515824,1,8,6000,5000,600,600,4992,765,1922,2305,0,0,12.3667,0
1804515824,1,9,6000,6000,600,600,5998,2816,1041,1433,708,0,17.85,0
1804515824,1,9,6000,1000,600,600,999,793,71,21,114,0,0.45,0
1804515824,1,9,6000,2000,600,600,1999,1389,197,102,311,0,1.86667,0
1804515824,1,9,6000,3000,600,600,2998,1933,423,239,403,0,4.31667,0
1804515824,1,9,6000,4000,600,600,3998,2320,601,528,549,0,7.76667,0
1804515824,1,9,6000,5000,600,600,4993,2630,807,913,643,0,12.3833,0
2257952973,1,1,6000,6000,600,600,6000,2543,434,5,3018,0,18,0
2257952973,1,1,6000,1000,600,600,1000,477,17,0,506,0,0.466667,0
2257952973,1,1,6000,2000,600,600,2000,942,54,1,1003,0,1.88333,0
2257952973,1,1,6000,3000,600,600,3000,1378,104,1,1517,0,4.26667,0
2257952973,1,1,6000,4000,600,600,3999,1762,202,3,2032,0,7.73333,0
2257952973,1,1,6000,5000,600,600,5000,2160,317,8,2515,0,12.2667,0
2257952973,1,2,6000,6000,600,600,5992,121,2257,3614,0,0,18.2167,0
2257952973,1,2,6000,1000,600,600,997,350,541,106,0,0,0.45,0
2257952973,1,2,6000,2000,600,600,1997,341,1186,470,0,0,1.88333,0
2257952973,1,2,6000,3000,600,600,2995,234,1655,1106,0,0,4.43333,0
2257952973,1,2,6000,4000,600,600,3993,181,1910,1902,0,0,7.86667,0
2257952973,1,2,6000,5000,600,600,4996,143,2091,2762,0,0,12.2833,0
2257952973,1,3,6000,6000,600,600,5995,3239,1302,1454,0,0,17.9167,0
2257952973,1,3,6000,1000,600,600,1000,912,77,11,0,0,0.466667,0
2257952973,1,3,6000,2000,600,600,1998,1665,259,74,0,0,1.85,0
2257952973,1,3,6000,3000,600,600,2998,2285,455,258,0,0,4.33333,0
2257952973,1,3,6000,4000,600,600,3994,2584,802,608,0,0,8,0
2257952973,1,3,6000,5000,600,600,4998,2936,1056,1006,0,0,12.9167,0
2257952973,1,4,6000,6000,600,600,5998,3768,596,335,1299,0,18.65,0
2257952973,1,4,6000,1000,600,600,1000,738,24,0,238,0,0.5,0
2257952973,1,4,6000,2000,600,600,1999,1460,81,7,451,0,1.95,0
2257952973,1,4,6000,3000,600,600,2998,2098,172,34,694,0,4.53333,0
2257952973,1,4,6000,4000,600,600,3997,2698,274,105,920,0,8.15,0
2257952973,1,4,6000,5000,600,600,4999,3234,462,202,1101,0,12.85,0
2257952973,1,5,6000,6000,600,600,5994,914,2077,3003,0,0,18.8167,0
2257952973,1,5,6000,1000,600,600,999,592,337,70,0,0,0.483333,0
2257952973,1,5,6000,2000,600,600,1997,878,833,286,0,0,1.91667,0
2257952973,1,5,6000,3000,600,600,2995,917,1302,776,0,0,4.48333,0
2257952973,1,5,6000,4000,600,600,3995,917,1615,1463,0,0,8.11667,0
2257952973,1,5,6000,5000,600,600,4996,917,1877,2202,0,0,12.9333,0
2257952973,1,6,6000,6000,600,600,5995,3573,1236,1186,0,0,18.7167,0
2257952973,1,6,6000,1000,600,600,1000,925,68,7,0,0,0.466667,0
2257952973,1,6,6000,2000,600,600,1998,1736,205,57,0,0,2.01667,0
2257952973,1,6,6000,3000,600,600,2998,2388,432,178,0,0,4.5,0
2257952973,1,6,6000,4000,600,600,3996,2788,747,461,0,0,8.08333,0
2257952973,1,6,6000,5000,600,600,4998,3174,1027,797,0,0,12.8833,0
2257952973,1,7,6000,6000,600,600,5995,2979,1222,1485,309,0,18.7167,0
2257952973,1,7,6000,1000,600,600,1000,850,70,8,72,0,0.466667,0
2257952973,1,7,6000,2000,600,600,1997,1562,212,86,137,0,1.95,0
2257952973,1,7,6000,3000,600,600,2997,2136,421,239,201,0,4.48333,0
2257952973,1,7,6000,4000,600,600,3996,2423,717,600,256,0,8.25,0
2257952973,1,7,6000,5000,600,600,4997,2734,961,1008,294,0,12.6,0
2257952973,1,8,6000,6000,600,600,5994,774,2082,3138,0,0,19.0333,0
2257952973,1,8,6000,1000,600,600,999,565,356,78,0,0,0.483333,0
2257952973,1,8,6000,2000,600,600,1997,826,860,311,0,0,1.91667,0
2257952973,1,8,6000,3000,600,600,2995,816,1336,843,0,0,4.45,0
2257952973,1,8,6000,4000,600,600,3995,814,1626,1555,0,0,8.25,0
2257952973,1,8,6000,5000,600,600,4996,812,1878,2306,0,0,12.9667,0
2257952973,1,9,6000,6000,600,600,5997,2766,1056,1425,750,0,18.8333,0
2257952973,1,9,6000,1000,600,600,1000,755,83,8,154,0,0.483333,0
2257952973,1,9,6000,2000,600,600,1998,1423,193,73,309,0,1.96667,0
2257952973,1,9,6000,3000,600,600,2998,1924,402,264,408,0,4.53333,0
2257952973,1,9,6000,4000,600,600,3997,2282,616,566,533,0,8.21667,0
2257952973,1,9,6000,5000,600,600,5000,2553,849,939,659,0,12.6833,0
1478423670,1,1,6000,6000,600,600,6000,2521,446,11,3022,0,18.5,0
1478423670,1,1,6000,1000,600,600,1000,498,13,0,489,0,0.466667,0
1478423670,1,1,6000,2000,600,600,2000,941,55,0,1004,0,1.96667,0
1478423670,1,1,6000,3000,600,600,3000,1417,99,0,1484,0,4.5,0
1478423670,1,1,6000,4000,600,600,4000,1777,210,4,2009,0,8.01667,0
1478423670,1,1,6000,5000,600,600,5000,2144,325,9,2522,0,12.6667,0
1478423670,1,2,6000,6000,600,600,5992,133,2219,3640,0,0,18.9333,0
1478423670,1,2,6000,1000,600,600,999,394,531,74,0,0,0.5,0
1478423670,1,2,6000,2000,600,600,1998,318,1223,457,0,0,2.01667,0
1478423670,1,2,6000,3000,600,600,2993,229,1641,1123,0,0,4.53333,0
1478423670,1,2,6000,4000,600,600,3996,169,1954,1873,0,0,8.08333,0
1478423670,1,2,6000,5000,600,600,4993,156,2095,2742,0,0,13.0667,0
1478423670,1,3,6000,6000,600,600,5994,3200,1285,1509,0,0,19.05,0
1478423670,1,3,6000,1000,600,600,1000,936,55,9,0,0,0.45,0
1478423670,1,3,6000,2000,600,600,1999,1693,227,79,0,0,1.95,0
1478423670,1,3,6000,3000,600,600,3000,2269,469,262,0,0,4.5,0
1478423670,1,3,6000,4000,600,600,3997,2682,758,557,0,0,8.01667,0
1478423670,1,3,6000,5000,600,600,4995,2993,1031,971,0,0,12.8,0
1478423670,1,4,6000,6000,600,600,6000,3799,598,313,1290,0,18.9333,0
1478423670,1,4,6000,1000,600,600,1000,759,17,2,222,0,0.483333,0
1478423670,1,4,6000,2000,600,600,2000,1443,78,10,469,0,1.96667,0
1478423670,1,4,6000,3000,600,600,3000,2160,154,52,634,0,4.46667,0
1478423670,1,4,6000,4000,600,600,4000,2726,293,83,898,0,8.18333,0
1478423670,1,4,6000,5000,600,600,4999,3236,461,198,1104,0,12.8833,0
1478423670,1,5,6000,6000,600,600,5993,902,2077,3014,0,0,18.65,0
1478423670,1,5,6000,1000,600,600,999,645,311,43,0,0,0.483333,0
1478423670,1,5,6000,2000,600,600,1998,856,844,298,0,0,1.96667,0
1478423670,1,5,6000,3000,600,600,2996,915,1280,801,0,0,4.43333,0
1478423670,1,5,6000,4000,600,600,3995,903,1670,1422,0,0,8.15,0
1478423670,1,5,6000,5000,600,600,4993,899,1874,2220,0,0,12.7667,0
1478423670,1,6,6000,6000,600,600,5994,3527,1269,1198,0,0,18.7167,0
1478423670,1,6,6000,1000,600,600,1000,948,46,6,0,0,0.5,0
1478423670,1,6,6000,2000,600,600,1999,1709,235,55,0,0,1.95,0
1478423670,1,6,6000,3000,600,600,3000,2366,444,190,0,0,4.5,0
1478423670,1,6,6000,4000,600,600,3997,2877,683,437,0,0,8,0
1478423670,1,6,6000,5000,600,600,4996,3265,972,759,0,0,12.6667,0
1478423670,1,7,6000,6000,600,600,5994,3018,1215,1464,297,0,18.8,0
1478423670,1,7,6000,1000,600,600,1000,846,60,7,87,0,0.483333,0
1478423670,1,7,6000,2000,600,600,1999,1569,222,62,146,0,1.96667,0
1478423670,1,7,6000,3000,600,600,2998,2117,426,280,175,0,4.6,0
1478423670,1,7,6000,4000,600,600,3997,2513,724,540,220,0,8.15,0
1478423670,1,7,6000,5000,600,600,4995,2773,961,1006,255,0,12.8,0
1478423670,1,8,6000,6000,600,600,5993,768,2068,3157,0,0,18.8833,0
1478423670,1,8,6000,1000,600,600,999,615,335,49,0,0,0.466667,0
1478423670,1,8,6000,2000,600,600,1998,795,882,321,0,0,1.91667,0
1478423670,1,8,6000,3000,600,600,2995,840,1300,855,0,0,4.55,0
1478423670,1,8,6000,4000,600,600,3995,788,1696,1511,0,0,8.08333,0
1478423670,1,8,6000,5000,600,600,4993,767,1894,2332,0,0,12.8667,0
1478423670,1,9,6000,6000,600,600,5994,2710,1115,1486,683,0,18.75,0
1478423670,1,9,6000,1000,600,600,1000,790,50,9,151,0,0.466667,0
1478423670,1,9,6000,2000,600,600,2000,1415,207,101,277,0,1.93333,0
1478423670,1,9,6000,3000,600,600,2997,1976,350,262,409,0,4.55,0
1478423670,1,9,6000,4000,600,600,3996,2256,660,556,524,0,8.08333,0
1478423670,1,9,6000,5000,600,600,4997,2569,852,939,637,0,12.8167,0
1803085613,1,1,6000,6000,600,600,5999,2569,432,13,2985,0,18.6833,0
1803085613,1,1,6000,1000,600,600,1000,507,7,0,486,0,0.466667,0
1803085613,1,1,6000,2000,600,600,2000,942,65,1,992,0,1.98333,0
1803085613,1,1,6000,3000,600,600,3000,1413,127,1,1459,0,4.48333,0
1803085613,1,1,6000,4000,600,600,4000,1831,209,5,1955,0,8.21667,0
1803085613,1,1,6000,5000,600,600,5000,2205,323,7,2465,0,12.6167,0
1803085613,1,2,6000,6000,600,600,5993,143,2208,3642,0,0,19.1667,0
1803085613,1,2,6000,1000,600,600,997,342,558,97,0,0,0.483333,0
1803085613,1,2,6000,2000,600,600,1996,306,1201,489,0,0,2,0
1803085613,1,2,6000,3000,600,600,2995,216,1661,1118,0,0,4.53333,0
1803085613,1,2,6000,4000,600,600,3996,164,1942,1890,0,0,8.18333,0
1803085613,1,2,6000,5000,600,600,4995,160,2104,2731,0,0,12.95,0
1803085613,1,3,6000,6000,600,600,5995,3214,1291,1490,0,0,18.4667,0
1803085613,1,3,6000,1000,600,600,999,914,69,16,0,0,0.45,0
1803085613,1,3,6000,2000,600,600,1999,1634,270,95,0,0,1.96667,0
1803085613,1,3,6000,3000,600,600,2998,2242,476,280,0,0,4.5,0
1803085613,1,3,6000,4000,600,600,3998,2639,772,587,0,0,8.15,0
1803085613,1,3,6000,5000,600,600,4997,3023,999,975,0,0,12.75,0
1803085613,1,4,6000,6000,600,600,5996,3810,600,316,1270,0,18.9,0
1803085613,1,4,6000,1000,600,600,999,771,13,3,212,0,0.516667,0
1803085613,1,4,6000,2000,600,600,2000,1444,101,10,445,0,1.93333,0
1803085613,1,4,6000,3000,600,600,2999,2160,194,40,605,0,4.38333,0
1803085613,1,4,6000,4000,600,600,4000,2770,315,98,817,0,8.06667,0
1803085613,1,4,6000,5000,600,600,4998,3308,450,199,1041,0,12.8167,0
1803085613,1,5,6000,6000,600,600,5994,874,2086,3034,0,0,18.8667,0
1803085613,1,5,6000,1000,600,600,998,611,330,57,0,0,0.483333,0
1803085613,1,5,6000,2000,600,600,1997,820,859,318,0,0,1.93333,0
1803085613,1,5,6000,3000,600,600,2996,886,1293,817,0,0,4.48333,0
1803085613,1,5,6000,4000,600,600,3996,923,1627,1446,0,0,8.18333,0
1803085613,1,5,6000,5000,600,600,4995,918,1899,2178,0,0,12.8333,0
1803085613,1,6,6000,6000,600,600,5995,3540,1283,1172,0,0,19.05,0
1803085613,1,6,6000,1000,600,600,999,934,59,6,0,0,0.483333,0
1803085613,1,6,6000,2000,600,600,2000,1674,256,70,0,0,1.9,0
1803085613,1,6,6000,3000,600,600,2998,2375,425,198,0,0,4.48333,0
1803085613,1,6,6000,4000,600,600,3999,2852,707,440,0,0,8.21667,0
1803085613,1,6,6000,5000,600,600,4997,3292,949,756,0,0,12.8667,0
1803085613,1,7,6000,6000,600,600,5996,3027,1245,1432,292,0,18.8833,0
1803085613,1,7,6000,1000,600,600,999,850,64,12,73,0,0.5,0
1803085613,1,7,6000,2000,600,600,1999,1546,230,97,126,0,1.98333,0
1803085613,1,7,6000,3000,600,600,2999,2118,432,279,170,0,4.48333,0
1803085613,1,7,6000,4000,600,600,3998,2542,709,544,203,0,8.26667,0
1803085613,1,7,6000,5000,600,600,4996,2788,962,997,249,0,13,0
1803085613,1,8,6000,6000,600,600,5994,749,2073,3172,0,0,18.5667,0
1803085613,1,8,6000,1000,600,600,998,588,347,63,0,0,0.483333,0
1803085613,1,8,6000,2000,600,600,1997,771,888,338,0,0,1.96667,0
1803085613,1,8,6000,3000,600,600,2996,814,1312,870,0,0,4.5,0
1803085613,1,8,6000,4000,600,600,3996,826,1640,1530,0,0,8.31667,0
1803085613,1,8,6000,5000,600,600,4995,794,1903,2298,0,0,12.9333,0
1803085613,1,9,6000,6000,600,600,5995,2831,1043,1411,710,0,18.5667,0
1803085613,1,9,6000,1000,600,600,997,782,57,11,147,0,0.483333,0
1803085613,1,9,6000,2000,600,600,1998,1416,208,82,292,0,1.96667,0
1803085613,1,9,6000,3000,600,600,2998,1948,398,252,400,0,4.38333,0
1803085613,1,9,6000,4000,600,600,3995,2353,589,534,519,0,7.96667,0
1803085613,1,9,6000,5000,600,600,4996,2621,841,921,613,0,12.85,0
3324400636,1,1,6000,6000,600,600,5998,2486,437,13,3062,0,18.35,0
3324400636,1,1,6000,1000,600,600,1000,478,17,0,505,0,0.466667,0
3324400636,1,1,6000,2000,600,600,2000,943,41,0,1016,0,1.95,0
3324400636,1,1,6000,3000,600,600,3000,1353,115,3,1529,0,4.56667,0
3324400636,1,1,6000,4000,600,600,4000,1784,175,5,2036,0,8,0
3324400636,1,1,6000,5000,600,600,4999,2130,317,10,2542,0,12.75,0
3324400636,1,2,6000,6000,600,600,5995,129,2234,3632,0,0,18.85,0
3324400636,1,2,6000,1000,600,600,999,361,553,85,0,0,0.483333,0
3324400636,1,2,6000,2000,600,600,1995,320,1213,462,0,0,1.96667,0
3324400636,1,2,6000,3000,600,600,2994,241,1621,1132,0,0,4.55,0
3324400636,1,2,6000,4000,600,600,3994,178,1927,1889,0,0,8.3,0
3324400636,1,2,6000,5000,600,600,4993,146,2093,2754,0,0,13.1,0
3324400636,1,3,6000,6000,600,600,5996,3262,1259,1475,0,0,18.7667,0
3324400636,1,3,6000,1000,600,600,1000,908,74,18,0,0,0.516667,0
3324400636,1,3,6000,2000,600,600,1998,1645,267,86,0,0,1.95,0
3324400636,1,3,6000,3000,600,600,2998,2199,511,288,0,0,4.4,0
3324400636,1,3,6000,4000,600,600,3998,2697,717,584,0,0,8,0
3324400636,1,3,6000,5000,600,600,4997,2932,1047,1018,0,0,12.6833,0
3324400636,1,4,6000,6000,600,600,5998,3653,612,330,1403,0,18.75,0
3324400636,1,4,6000,1000,600,600,1000,720,32,6,242,0,0.483333,0
3324400636,1,4,6000,2000,600,600,1999,1426,67,11,495,0,1.95,0
3324400636,1,4,6000,3000,600,600,2998,2022,175,59,742,0,4.46667,0
3324400636,1,4,6000,4000,600,600,3999,2692,234,99,974,0,8.28333,0
3324400636,1,4,6000,5000,600,600,4998,3189,431,204,1174,0,12.9,0
3324400636,1,5,6000,6000,600,600,5993,904,2072,3017,0,0,18.75,0
3324400636,1,5,6000,1000,600,600,999,625,320,54,0,0,0.5,0
3324400636,1,5,6000,2000,600,600,1997,850,842,305,0,0,1.86667,0
3324400636,1,5,6000,3000,600,600,2996,908,1274,814,0,0,4.48333,0
3324400636,1,5,6000,4000,600,600,3994,894,1649,1451,0,0,8.18333,0
3324400636,1,5,6000,5000,600,600,4995,939,1844,2212,0,0,12.85,0
3324400636,1,6,6000,6000,600,600,5997,3564,1214,1219,0,0,18.8167,0
3324400636,1,6,6000,1000,600,600,1000,934,52,14,0,0,0.483333,0
3324400636,1,6,6000,2000,600,600,1998,1702,231,65,0,0,1.96667,0
3324400636,1,6,6000,3000,600,600,2998,2312,451,235,0,0,4.46667,0
3324400636,1,6,6000,4000,600,600,3998,2883,659,456,0,0,8.03333,0
3324400636,1,6,6000,5000,600,600,4997,3168,1000,829,0,0,12.65,0
3324400636,1,7,6000,6000,600,600,5995,2876,1257,1536,326,0,18.9833,0
3324400636,1,7,6000,1000,600,600,999,844,75,12,68,0,0.483333,0
3324400636,1,7,6000,2000,600,600,1997,1541,224,87,145,0,2,0
3324400636,1,7,6000,3000,600,600,2998,2055,444,300,199,0,4.51667,0
3324400636,1,7,6000,4000,600,600,3998,2457,697,589,255,0,8.11667,0
3324400636,1,7,6000,5000,600,600,4994,2721,944,1049,280,0,12.6333,0
3324400636,1,8,6000,6000,600,600,5993,754,2075,3164,0,0,18.8167,0
3324400636,1,8,6000,1000,600,600,999,596,343,60,0,0,0.5,0
3324400636,1,8,6000,2000,600,600,1996,776,890,330,0,0,1.91667,0
3324400636,1,8,6000,3000,600,600,2996,805,1312,879,0,0,4.48333,0
3324400636,1,8,6000,4000,600,600,3994,780,1666,1548,0,0,6.73333,0
3324400636,1,8,6000,5000,600,600,4994,810,1850,2334,0,0,10.5833,0
3324400636,1,9,6000,6000,600,600,5997,2785,1080,1429,703,0,15.7333,0
3324400636,1,9,6000,1000,600,600,999,778,56,10,155,0,0.383333,0
3324400636,1,9,6000,2000,600,600,1998,1385,228,101,284,0,1.58333,0
3324400636,1,9,6000,3000,600,600,2997,1891,392,287,427,0,3.7,0
3324400636,1,9,6000,4000,600,600,3995,2280,634,561,520,0,6.41667,0
3324400636,1,9,6000,5000,600,600,4999,2619,839,908,633,0,10.2333,0
1274452890,1,1,6000,6000,600,600,6000,2471,452,7,3070,0,14.2,0
1274452890,1,1,6000,1000,600,600,1000,487,9,0,504,0,0.383333,0
1274452890,1,1,6000,2000,600,600,2000,897,51,0,1052,0,1.61667,0
1274452890,1,1,6000,3000,600,600,2999,1318,143,0,1538,0,3.33333,0
1274452890,1,1,6000,4000,600,600,4000,1763,201,2,2034,0,6.26667,0
1274452890,1,1,6000,5000,600,600,5000,2166,291,6,2537,0,9.86667,0
1274452890,1,2,6000,6000,600,600,5992,138,2221,3633,0,0,14.55,0
1274452890,1,2,6000,1000,600,600,1000,349,564,87,0,0,0.4,0
1274452890,1,2,6000,2000,600,600,1996,298,1223,475,0,0,1.55,0
1274452890,1,2,6000,3000,600,600,2996,242,1632,1122,0,0,3.81667,0
1274452890,1,2,6000,4000,600,600,3995,178,1941,1876,0,0,6.91667,0
1274452890,1,2,6000,5000,600,600,4994,129,2148,2717,0,0,10.3,0
1274452890,1,3,6000,6000,600,600,5997,3206,1330,1461,0,0,15.6,0
1274452890,1,3,6000,1000,600,600,1000,916,70,14,0,0,0.366667,0
1274452890,1,3,6000,2000,600,600,1998,1663,253,82,0,0,1.6,0
1274452890,1,3,6000,3000,600,600,2996,2238,470,288,0,0,3.41667,0
1274452890,1,3,6000,4000,600,600,4000,2668,760,572,0,0,6.48333,0
1274452890,1,3,6000,5000,600,600,4998,2972,1075,951,0,0,9.8,0
1274452890,1,4,6000,6000,600,600,5998,3707,590,298,1403,0,15.6167,0
1274452890,1,4,6000,1000,600,600,1000,756,18,3,223,0,0.4,0
1274452890,1,4,6000,2000,600,600,2000,1381,73,8,538,0,1.65,0
1274452890,1,4,6000,3000,600,600,2998,2034,202,45,717,0,3.5,0
1274452890,1,4,6000,4000,600,600,4000,2708,272,94,926,0,6.61667,0
1274452890,1,4,6000,5000,600,600,5000,3246,418,177,1159,0,9.96667,0
1274452890,1,5,6000,6000,600,600,5994,912,2075,3007,0,0,15.1167,0
1274452890,1,5,6000,1000,600,600,1000,649,304,47,0,0,0.383333,0
1274452890,1,5,6000,2000,600,600,1996,883,808,305,0,0,1.58333,0
1274452890,1,5,6000,3000,600,600,2996,902,1292,802,0,0,3.65,0
1274452890,1,5,6000,4000,600,600,3996,913,1642,1441,0,0,6.11667,0
1274452890,1,5,6000,5000,600,600,4995,946,1874,2175,0,0,10.6333,0
1274452890,1,6,6000,6000,600,600,5997,3485,1316,1196,0,0,15.3,0
1274452890,1,6,6000,1000,600,600,1000,925,65,10,0,0,0.4,0
1274452890,1,6,6000,2000,600,600,2000,1707,231,62,0,0,1.63333,0
1274452890,1,6,6000,3000,600,600,2996,2324,456,216,0,0,3.48333,0
1274452890,1,6,6000,4000,600,600,4000,2851,708,441,0,0,6.78333,0
1274452890,1,6,6000,5000,600,600,4998,3213,1040,745,0,0,9.83333,0
1274452890,1,7,6000,6000,600,600,5995,2947,1279,1448,321,0,14.6167,0
1274452890,1,7,6000,1000,600,600,1000,860,63,10,67,0,0.4,0
1274452890,1,7,6000,2000,600,600,1999,1554,221,87,137,0,1.65,0
1274452890,1,7,6000,3000,600,600,2997,2067,457,278,195,0,3.61667,0
1274452890,1,7,6000,4000,600,600,3999,2495,716,549,239,0,6.88333,0
1274452890,1,7,6000,5000,600,600,5000,2772,983,947,298,0,10.0833,0
1274452890,1,8,6000,6000,600,600,5994,755,2094,3145,0,0,15.2167,0
1274452890,1,8,6000,1000,600,600,1000,620,332,48,0,0,0.416667,0
1274452890,1,8,6000,2000,600,600,1996,838,827,331,0,0,1.65,0
1274452890,1,8,6000,3000,600,600,2996,814,1311,871,0,0,3.86667,0
1274452890,1,8,6000,4000,600,600,3996,817,1665,1514,0,0,6.08333,0
1274452890,1,8,6000,5000,600,600,4995,786,1918,2291,0,0,10.3,0
1274452890,1,9,6000,6000,600,600,5993,2796,1045,1423,729,0,14.75,0
1274452890,1,9,6000,1000,600,600,999,762,65,16,156,0,0.366667,0
1274452890,1,9,6000,2000,600,600,1999,1391,216,105,287,0,1.53333,0
1274452890,1,9,6000,3000,600,600,2997,1868,423,272,434,0,3.4,0
1274452890,1,9,6000,4000,600,600,3998,2316,589,542,551,0,6.63333,0
1274452890,1,9,6000,5000,600,600,4997,2609,805,967,616,0,10.0167,0
3335418107,1,1,6000,6000,600,600,6000,2471,431,11,3087,0,14.7833,0
3335418107,1,1,6000,1000,600,600,1000,476,11,0,513,0,0.4,0
3335418107,1,1,6000,2000,600,600,2000,898,55,0,1047,0,1.66667,0
3335418107,1,1,6000,3000,600,600,3000,1311,126,2,1561,0,3.51667,0
3335418107,1,1,6000,4000,600,600,4000,1740,196,5,2059,0,6.13333,0
3335418107,1,1,6000,5000,600,600,5000,2137,278,1,2584,0,10.5167,0
3335418107,1,2,6000,6000,600,600,5992,117,2247,3628,0,0,15.65,0
3335418107,1,2,6000,1000,600,600,998,349,564,85,0,0,0.366667,0
3335418107,1,2,6000,2000,600,600,1995,308,1202,485,0,0,1.5,0
3335418107,1,2,6000,3000,600,600,2995,225,1654,1116,0,0,3.46667,0
3335418107,1,2,6000,4000,600,600,3993,179,1929,1885,0,0,6.86667,0
3335418107,1,2,6000,5000,600,600,4995,138,2115,2742,0,0,10.5667,0
3335418107,1,3,6000,6000,600,600,5995,3153,1316,1526,0,0,15.2667,0
3335418107,1,3,6000,1000,600,600,999,932,59,8,0,0,0.4,0
3335418107,1,3,6000,2000,600,600,1997,1692,235,70,0,0,1.65,0
3335418107,1,3,6000,3000,600,600,2997,2259,457,281,0,0,3.48333,0
3335418107,1,3,6000,4000,600,600,3997,2695,763,539,0,0,6.53333,0
3335418107,1,3,6000,5000,600,600,4997,2998,1026,973,0,0,10.35,0
3335418107,1,4,6000,6000,600,600,5999,3644,622,330,1403,0,14.4167,0
3335418107,1,4,6000,1000,600,600,1000,732,20,0,248,0,0.4,0
3335418107,1,4,6000,2000,600,600,1999,1368,86,15,530,0,1.61667,0
3335418107,1,4,6000,3000,600,600,2998,2006,176,42,774,0,3.36667,0
3335418107,1,4,6000,4000,600,600,3997,2632,291,92,982,0,6.15,0
3335418107,1,4,6000,5000,600,600,4998,3189,422,180,1207,0,9.66667,0
3335418107,1,5,6000,6000,600,600,5993,900,2055,3038,0,0,15.0667,0
3335418107,1,5,6000,1000,600,600,999,618,332,49,0,0,0.433333,0
3335418107,1,5,6000,2000,600,600,1995,854,838,303,0,0,1.55,0
3335418107,1,5,6000,3000,600,600,2995,893,1306,796,0,0,3.58333,0
3335418107,1,5,6000,4000,600,600,3995,907,1645,1443,0,0,6.13333,0
3335418107,1,5,6000,5000,600,600,4995,918,1872,2205,0,0,10.0667,0
3335418107,1,6,6000,6000,600,600,5996,3398,1323,1275,0,0,15.5333,0
3335418107,1,6,6000,1000,600,600,999,942,50,7,0,0,0.383333,0
3335418107,1,6,6000,2000,600,600,1998,1711,232,55,0,0,1.5,0
3335418107,1,6,6000,3000,600,600,2998,2303,460,235,0,0,3.56667,0
3335418107,1,6,6000,4000,600,600,3997,2817,754,426,0,0,6.05,0
3335418107,1,6,6000,5000,600,600,4998,3204,978,816,0,0,10.6833,0
3335418107,1,7,6000,6000,600,600,5995,2842,1251,1585,317,0,14.9833,0
3335418107,1,7,6000,1000,600,600,1000,853,60,13,74,0,0.366667,0
3335418107,1,7,6000,2000,600,600,1998,1521,236,104,137,0,1.65,0
3335418107,1,7,6000,3000,600,600,2996,2042,476,292,186,0,3.63333,0
3335418107,1,7,6000,4000,600,600,3996,2464,729,570,233,0,6.38333,0
3335418107,1,7,6000,5000,600,600,4995,2696,991,1024,284,0,9.76667,0
3335418107,1,8,6000,6000,600,600,5993,767,2072,3154,0,0,15.3667,0
3335418107,1,8,6000,1000,600,600,999,590,354,55,0,0,0.383333,0
3335418107,1,8,6000,2000,600,600,1995,776,873,346,0,0,1.63333,0
3335418107,1,8,6000,3000,600,600,2995,805,1331,859,0,0,3.48333,0
3335418107,1,8,6000,4000,600,600,3993,786,1676,1531,0,0,6.81667,0
3335418107,1,8,6000,5000,600,600,4995,780,1891,2324,0,0,10.1833,0
3335418107,1,9,6000,6000,600,600,5997,2730,1097,1442,728,0,14.9,0
3335418107,1,9,6000,1000,600,600,1000,778,61,7,154,0,0.383333,0
3335418107,1,9,6000,2000,600,600,1998,1373,229,94,302,0,1.61667,0
3335418107,1,9,6000,3000,600,600,2998,1897,373,265,463,0,3.4,0
3335418107,1,9,6000,4000,600,600,3997,2230,641,583,543,0,6.58333,0
3335418107,1,9,6000,5000,600,600,4994,2597,838,939,620,0,9.7,0
1740351181,1,1,6000,6000,600,600,6000,2517,465,11,3007,0,15.5833,0
1740351181,1,1,6000,1000,600,600,1000,474,12,0,514,0,0.383333,0
1740351181,1,1,6000,2000,600,600,2000,914,59,0,1027,0,1.68333,0
1740351181,1,1,6000,3000,600,600,3000,1334,137,2,1527,0,3.4,0
1740351181,1,1,6000,4000,600,600,4000,1788,188,2,2022,0,6.61667,0
1740351181,1,1,6000,5000,600,600,4999,2115,361,9,2514,0,10.25,0
1740351181,1,2,6000,6000,600,600,5994,128,2204,3662,0,0,14.9333,0
1740351181,1,2,6000,1000,600,600,996,373,532,91,0,0,0.383333,0
1740351181,1,2,6000,2000,600,600,1995,315,1192,488,0,0,1.66667,0
1740351181,1,2,6000,3000,600,600,2994,218,1670,1106,0,0,3.48333,0
1740351181,1,2,6000,4000,600,600,3995,175,1931,1889,0,0,6.78333,0
1740351181,1,2,6000,5000,600,600,4992,137,2122,2733,0,0,10.1,0
1740351181,1,3,6000,6000,600,600,5998,3195,1316,1487,0,0,15.5833,0
1740351181,1,3,6000,1000,600,600,1000,905,78,17,0,0,0.4,0
1740351181,1,3,6000,2000,600,600,1998,1665,248,85,0,0,1.55,0
1740351181,1,3,6000,3000,600,600,2997,2287,448,262,0,0,3.73333,0
1740351181,1,3,6000,4000,600,600,3998,2677,733,588,0,0,6.51667,0
1740351181,1,3,6000,5000,600,600,4997,2923,1060,1014,0,0,10.2,0
1740351181,1,4,6000,6000,600,600,6000,3755,641,310,1294,0,14.7333,0
1740351181,1,4,6000,1000,600,600,1000,733,18,1,248,0,0.416667,0
1740351181,1,4,6000,2000,600,600,1999,1402,79,14,504,0,1.68333,0
1740351181,1,4,6000,3000,600,600,3000,2051,199,44,706,0,3.45,0
1740351181,1,4,6000,4000,600,600,4000,2704,270,90,936,0,6.16667,0
1740351181,1,4,6000,5000,600,600,4998,3197,485,184,1132,0,10.3167,0
1740351181,1,5,6000,6000,600,600,5995,820,2115,3060,0,0,15.7167,0
1740351181,1,5,6000,1000,600,600,998,617,325,56,0,0,0.4,0
1740351181,1,5,6000,2000,600,600,1995,846,835,314,0,0,1.66667,0
1740351181,1,5,6000,3000,600,600,2995,889,1318,788,0,0,3.78333,0
1740351181,1,5,6000,4000,600,600,3996,903,1634,1459,0,0,6.96667,0
1740351181,1,5,6000,5000,600,600,4994,898,1899,2197,0,0,10.1833,0
1740351181,1,6,6000,6000,600,600,5999,3493,1300,1206,0,0,15.05,0
1740351181,1,6,6000,1000,600,600,1000,929,59,12,0,0,0.366667,0
1740351181,1,6,6000,2000,600,600,1998,1736,199,63,0,0,1.65,0
1740351181,1,6,6000,3000,600,600,2997,2384,409,204,0,0,3.8,0
1740351181,1,6,6000,4000,600,600,3999,2863,685,451,0,0,6.75,0
1740351181,1,6,6000,5000,600,600,4997,3219,965,813,0,0,10.3167,0
1740351181,1,7,6000,6000,600,600,6000,2994,1208,1483,315,0,14.4167,0
1740351181,1,7,6000,1000,600,600,1000,836,81,16,67,0,0.366667,0
1740351181,1,7,6000,2000,600,600,1995,1528,224,93,150,0,1.51667,0
1740351181,1,7,6000,3000,600,600,2998,2137,407,262,192,0,3.68333,0
1740351181,1,7,6000,4000,600,600,3999,2502,675,581,241,0,6.78333,0
1740351181,1,7,6000,5000,600,600,4995,2711,989,1027,268,0,9.81667,0
1740351181,1,8,6000,6000,600,600,5995,716,2105,3174,0,0,14.9667,0
1740351181,1,8,6000,1000,600,600,998,599,337,62,0,0,0.416667,0
1740351181,1,8,6000,2000,600,600,1994,787,865,342,0,0,1.5,0
1740351181,1,8,6000,3000,600,600,2995,778,1360,857,0,0,3.7,0
1740351181,1,8,6000,4000,600,600,3996,819,1642,1535,0,0,6.33333,0
1740351181,1,8,6000,5000,600,600,4993,770,1929,2294,0,0,10.3,0
1740351181,1,9,6000,6000,600,600,5996,2849,1030,1373,744,0,15.05,0
1740351181,1,9,6000,1000,600,600,999,766,60,15,158,0,0.4,0
1740351181,1,9,6000,2000,600,600,1997,1418,183,86,310,0,1.5,0
1740351181,1,9,6000,3000,600,600,2998,1912,409,246,431,0,3.43333,0
1740351181,1,9,6000,4000,600,600,3999,2307,602,556,534,0,6.76667,0
1740351181,1,9,6000,5000,600,600,4998,2640,842,909,607,0,10.3833,0
3687512605,1,1,6000,6000,600,600,6000,2594,453,13,2940,0,10.2833,0
3687512605,1,1,6000,1000,600,600,1000,502,13,0,485,0,0.283333,0
3687512605,1,1,6000,2000,600,600,2000,963,61,0,976,0,1.31667,0
3687512605,1,1,6000,3000,600,600,3000,1384,121,2,1493,0,3.28333,0
3687512605,1,1,6000,4000,600,600,4000,1831,204,5,1960,0,6.21667,0
3687512605,1,1,6000,5000,600,600,5000,2224,318,7,2451,0,9.61667,0
3687512605,1,2,6000,6000,600,600,5994,129,2254,3611,0,0,14.6833,0
3687512605,1,2,6000,1000,600,600,999,367,540,92,0,0,0.366667,0
3687512605,1,2,6000,2000,600,600,1996,308,1201,487,0,0,1.51667,0
3687512605,1,2,6000,3000,600,600,2998,213,1684,1101,0,0,3.53333,0
3687512605,1,2,6000,4000,600,600,3992,159,1969,1864,0,0,6.18333,0
3687512605,1,2,6000,5000,600,600,4992,137,2098,2757,0,0,9.96667,0
3687512605,1,3,6000,6000,600,600,5999,3229,1316,1454,0,0,14.8,0
3687512605,1,3,6000,1000,600,600,1000,926,67,7,0,0,0.366667,0
3687512605,1,3,6000,2000,600,600,1998,1617,277,104,0,0,1.51667,0
3687512605,1,3,6000,3000,600,600,3000,2245,482,273,0,0,3.43333,0
3687512605,1,3,6000,4000,600,600,3993,2668,755,570,0,0,6.21667,0
3687512605,1,3,6000,5000,600,600,4997,2993,1005,999,0,0,9.75,0
3687512605,1,4,6000,6000,600,600,6000,3853,616,348,1183,0,14.7,0
3687512605,1,4,6000,1000,600,600,1000,792,19,0,189,0,0.383333,0
3687512605,1,4,6000,2000,600,600,1998,1496,97,15,390,0,1.58333,0
3687512605,1,4,6000,3000,600,600,3000,2129,179,48,644,0,3.45,0
3687512605,1,4,6000,4000,600,600,3998,2773,306,115,804,0,6.08333,0
3687512605,1,4,6000,5000,600,600,4999,3357,430,214,998,0,9.61667,0
3687512605,1,5,6000,6000,600,600,5994,863,2114,3017,0,0,14.1167,0
3687512605,1,5,6000,1000,600,600,999,628,316,55,0,0,0.383333,0
3687512605,1,5,6000,2000,600,600,1997,850,833,314,0,0,1.48333,0
3687512605,1,5,6000,3000,600,600,2998,921,1292,785,0,0,3.35,0
3687512605,1,5,6000,4000,600,600,3992,944,1631,1417,0,0,6.2,0
3687512605,1,5,6000,5000,600,600,4996,935,1857,2204,0,0,10.0167,0
3687512605,1,6,6000,6000,600,600,5998,3575,1279,1144,0,0,14.15,0
3687512605,1,6,6000,1000,600,600,1000,934,62,4,0,0,0.366667,0
3687512605,1,6,6000,2000,600,600,1998,1683,241,74,0,0,1.48333,0
3687512605,1,6,6000,3000,600,600,3000,2387,413,200,0,0,3.55,0
3687512605,1,6,6000,4000,600,600,3994,2867,697,430,0,0,6.33333,0
3687512605,1,6,6000,5000,600,600,4997,3259,956,782,0,0,10.05,0
3687512605,1,7,6000,6000,600,600,5998,3023,1262,1423,290,0,14.7667,0
3687512605,1,7,6000,1000,600,600,1000,855,70,9,66,0,0.383333,0
3687512605,1,7,6000,2000,600,600,1997,1586,215,87,109,0,1.48333,0
3687512605,1,7,6000,3000,600,600,3000,2088,457,283,172,0,3.43333,0
3687512605,1,7,6000,4000,600,600,3996,2569,692,537,198,0,6.3,0
3687512605,1,7,6000,5000,600,600,4997,2834,973,954,236,0,9.68333,0
3687512605,1,8,6000,6000,600,600,5993,754,2122,3117,0,0,14.2333,0
3687512605,1,8,6000,1000,600,600,999,603,333,63,0,0,0.35,0
3687512605,1,8,6000,2000,600,600,1997,786,867,344,0,0,1.5,0
3687512605,1,8,6000,3000,600,600,2998,850,1314,834,0,0,3.41667,0
3687512605,1,8,6000,4000,600,600,3992,856,1645,1491,0,0,6.11667,0
3687512605,1,8,6000,5000,600,600,4994,814,1869,2311,0,0,9.71667,0
3687512605,1,9,6000,6000,600,600,5995,2846,1045,1399,705,0,14.2667,0
3687512605,1,9,6000,1000,600,600,1000,789,51,11,149,0,0.366667,0
3687512605,1,9,6000,2000,600,600,1999,1475,164,82,278,0,1.46667,0
3687512605,1,9,6000,3000,600,600,2998,1930,394,258,416,0,3.35,0
3687512605,1,9,6000,4000,600,600,3996,2395,551,512,538,0,6.1,0
3687512605,1,9,6000,5000,600,600,4995,2561,866,960,608,0,9,0
