RunSeed,Seed,Algoritmo,Radius,nDevices,appPeriodSeconds,simulationTime,PHYTotal,PHYSuccessful,PHYInterfered,PHYNoMoreReceivers,PHYUnderSensitivity,PHYLostBecauseTX,SimulationDuration,targetRealocation
3557519813,1,1,3000,3000,600,600,3000,2623,366,11,0,0,0.833333,5
3557519813,1,1,2000,3000,600,600,3000,2623,366,11,0,0,0.833333,5
3557519813,1,1,4000,3000,600,600,3000,2623,366,11,0,0,0.833333,5
3557519813,1,1,6000,3000,600,600,3000,1390,106,1,1503,0,0.833333,5
3557519813,1,1,8000,3000,600,600,3000,805,28,0,2167,0,0.833333,5
3557519813,1,1,10000,3000,600,600,3000,497,13,0,2490,0,0.833333,5
3557519813,1,2,3000,3000,600,600,2998,2223,494,281,0,0,0.833333,5
3557519813,1,2,2000,3000,600,600,2998,2223,494,281,0,0,0.833333,5
3557519813,1,2,4000,3000,600,600,2998,2223,494,281,0,0,0.833333,5
3557519813,1,2,6000,3000,600,600,2998,2223,494,281,0,0,0.833333,5
3557519813,1,2,8000,3000,600,600,2998,2223,494,281,0,0,0.833333,5
3557519813,1,2,10000,3000,600,600,3000,710,16,0,2274,0,0.816667,5
3557519813,1,3,3000,3000,600,600,2998,2737,211,50,0,0,0.85,5
3557519813,1,3,2000,3000,600,600,2998,2737,211,50,0,0,0.85,5
3557519813,1,3,4000,3000,600,600,2998,2737,211,50,0,0,0.833333,5
3557519813,1,3,6000,3000,600,600,2998,2151,153,37,657,0,0.833333,5
3557519813,1,3,8000,3000,600,600,2998,1026,65,15,1892,0,0.833333,5
3557519813,1,3,10000,3000,600,600,3000,497,13,0,2490,0,0.833333,5
3557519813,1,4,3000,3000,600,600,2999,2665,323,11,0,0,0.85,5
3557519813,1,4,2000,3000,600,600,3000,2623,366,11,0,0,0.833333,5
3557519813,1,4,4000,3000,600,600,2999,2731,248,20,0,0,0.833333,5
3557519813,1,4,6000,3000,600,600,2998,2396,396,206,0,0,0.833333,5
3557519813,1,4,8000,3000,600,600,2997,1301,1046,650,0,0,0.833333,5
3557519813,1,4,10000,3000,600,600,2997,872,1117,601,407,0,0.833333,5
3557519813,1,5,3000,3000,600,600,2998,2736,212,50,0,0,0.833333,5
3557519813,1,5,2000,3000,600,600,2998,2737,211,50,0,0,0.833333,5
3557519813,1,5,4000,3000,600,600,2998,2720,212,66,0,0,0.85,5
3557519813,1,5,6000,3000,600,600,2997,2117,437,274,169,0,0.833333,5
3557519813,1,5,8000,3000,600,600,2997,1019,920,679,379,0,0.833333,5
3557519813,1,5,10000,3000,600,600,2998,583,1021,628,766,0,0.833333,5
3557519813,1,8,3000,3000,600,600,2996,250,1625,1121,0,0,0.833333,5
3557519813,1,8,2000,3000,600,600,2996,250,1625,1121,0,0,0.833333,5
3557519813,1,8,4000,3000,600,600,2996,250,1625,1121,0,0,0.833333,5
3557519813,1,8,6000,3000,600,600,2996,250,1625,1121,0,0,0.816667,5
3557519813,1,8,8000,3000,600,600,2996,250,1625,1121,0,0,0.833333,5
3557519813,1,8,10000,3000,600,600,2996,250,1455,925,366,0,0.816667,5
1886656346,1,1,3000,3000,600,600,2998,2634,362,2,0,0,0.833333,5
1886656346,1,1,2000,3000,600,600,2998,2634,362,2,0,0,0.85,5
1886656346,1,1,4000,3000,600,600,2998,2634,362,2,0,0,0.85,5
1886656346,1,1,6000,3000,600,600,2999,1396,114,0,1489,0,0.833333,5
1886656346,1,1,8000,3000,600,600,2999,807,27,0,2165,0,0.833333,5
1886656346,1,1,10000,3000,600,600,3000,508,7,0,2485,0,0.833333,5
1886656346,1,2,3000,3000,600,600,2997,2254,467,276,0,0,0.85,5
1886656346,1,2,2000,3000,600,600,2997,2254,467,276,0,0,0.833333,5
1886656346,1,2,4000,3000,600,600,2997,2254,467,276,0,0,0.85,5
1886656346,1,2,6000,3000,600,600,2997,2254,467,276,0,0,0.833333,5
1886656346,1,2,8000,3000,600,600,2997,2254,467,276,0,0,0.833333,5
1886656346,1,2,10000,3000,600,600,2999,698,14,0,2287,0,0.833333,5
1886656346,1,3,3000,3000,600,600,2998,2738,215,45,0,0,0.833333,5
1886656346,1,3,2000,3000,600,600,2998,2738,215,45,0,0,0.833333,5
1886656346,1,3,4000,3000,600,600,2998,2738,215,45,0,0,0.833333,5
1886656346,1,3,6000,3000,600,600,2999,2140,159,36,664,0,0.833333,5
1886656346,1,3,8000,3000,600,600,2999,1066,61,20,1852,0,0.816667,5
1886656346,1,3,10000,3000,600,600,3000,508,7,0,2485,0,0.816667,5
1886656346,1,4,3000,3000,600,600,2998,2671,324,3,0,0,0.833333,5
1886656346,1,4,2000,3000,600,600,2998,2634,362,2,0,0,0.833333,5
1886656346,1,4,4000,3000,600,600,2998,2722,263,13,0,0,0.833333,5
1886656346,1,4,6000,3000,600,600,2996,2367,428,201,0,0,0.85,5
1886656346,1,4,8000,3000,600,600,2995,1371,1020,604,0,0,0.833333,5
1886656346,1,4,10000,3000,600,600,2996,858,1111,616,411,0,0.833333,5
1886656346,1,5,3000,3000,600,600,2998,2749,203,46,0,0,0.833333,5
1886656346,1,5,2000,3000,600,600,2998,2738,215,45,0,0,0.833333,5
1886656346,1,5,4000,3000,600,600,2998,2709,226,63,0,0,0.833333,5
1886656346,1,5,6000,3000,600,600,2996,2133,432,256,175,0,0.833333,5
1886656346,1,5,8000,3000,600,600,2995,1025,929,637,404,0,0.833333,5
1886656346,1,5,10000,3000,600,600,2996,551,1017,634,794,0,0.833333,5
1886656346,1,8,3000,3000,600,600,2993,219,1664,1110,0,0,0.833333,5
1886656346,1,8,2000,3000,600,600,2993,219,1664,1110,0,0,0.833333,5
1886656346,1,8,4000,3000,600,600,2993,219,1664,1110,0,0,0.85,5
1886656346,1,8,6000,3000,600,600,2993,219,1664,1110,0,0,0.833333,5
1886656346,1,8,8000,3000,600,600,2993,219,1664,1110,0,0,0.833333,5
1886656346,1,8,10000,3000,600,600,2995,228,1476,930,361,0,0.833333,5
3080219935,1,1,3000,3000,600,600,3000,2622,372,6,0,0,0.833333,5
3080219935,1,1,2000,3000,600,600,3000,2622,372,6,0,0,0.833333,5
3080219935,1,1,4000,3000,600,600,3000,2622,372,6,0,0,0.833333,5
3080219935,1,1,6000,3000,600,600,3000,1341,111,3,1545,0,0.816667,5
3080219935,1,1,8000,3000,600,600,3000,789,48,0,2163,0,0.833333,5
3080219935,1,1,10000,3000,600,600,3000,517,23,0,2460,0,0.816667,5
3080219935,1,2,3000,3000,600,600,2998,2203,495,300,0,0,0.833333,5
3080219935,1,2,2000,3000,600,600,2998,2203,495,300,0,0,0.833333,5
3080219935,1,2,4000,3000,600,600,2998,2203,495,300,0,0,0.816667,5
3080219935,1,2,6000,3000,600,600,2998,2203,495,300,0,0,0.833333,5
3080219935,1,2,8000,3000,600,600,2998,2203,495,300,0,0,0.833333,5
3080219935,1,2,10000,3000,600,600,3000,721,26,0,2253,0,0.833333,5
3080219935,1,3,3000,3000,600,600,2999,2698,237,64,0,0,0.833333,5
3080219935,1,3,2000,3000,600,600,2999,2698,237,64,0,0,0.833333,5
3080219935,1,3,4000,3000,600,600,2999,2698,237,64,0,0,0.85,5
3080219935,1,3,6000,3000,600,600,2999,2031,184,50,734,0,0.85,5
3080219935,1,3,8000,3000,600,600,3000,999,94,21,1886,0,0.833333,5
3080219935,1,3,10000,3000,600,600,3000,517,23,0,2460,0,0.816667,5
3080219935,1,4,3000,3000,600,600,3000,2648,345,7,0,0,0.833333,5
3080219935,1,4,2000,3000,600,600,3000,2622,372,6,0,0,0.85,5
3080219935,1,4,4000,3000,600,600,2999,2683,298,18,0,0,0.833333,5
3080219935,1,4,6000,3000,600,600,2998,2300,471,227,0,0,0.833333,5
3080219935,1,4,8000,3000,600,600,2998,1286,1058,654,0,0,0.833333,5
3080219935,1,4,10000,3000,600,600,2998,860,1101,612,425,0,0.833333,5
3080219935,1,5,3000,3000,600,600,2999,2696,238,65,0,0,0.85,5
3080219935,1,5,2000,3000,600,600,2999,2698,237,64,0,0,0.85,5
3080219935,1,5,4000,3000,600,600,2999,2672,243,84,0,0,0.833333,5
3080219935,1,5,6000,3000,600,600,2999,2061,441,303,194,0,0.85,5
3080219935,1,5,8000,3000,600,600,2997,932,986,670,409,0,0.833333,5
3080219935,1,5,10000,3000,600,600,2997,546,1034,619,798,0,0.833333,5
3080219935,1,8,3000,3000,600,600,2998,245,1624,1129,0,0,0.833333,5
3080219935,1,8,2000,3000,600,600,2998,245,1624,1129,0,0,0.833333,5
3080219935,1,8,4000,3000,600,600,2998,245,1624,1129,0,0,0.85,5
3080219935,1,8,6000,3000,600,600,2998,245,1624,1129,0,0,0.833333,5
3080219935,1,8,8000,3000,600,600,2998,245,1624,1129,0,0,0.866667,5
3080219935,1,8,10000,3000,600,600,2998,253,1449,933,363,0,0.833333,5
1530213846,1,1,3000,3000,600,600,2999,2585,409,5,0,0,0.833333,5
1530213846,1,1,2000,3000,600,600,2999,2585,409,5,0,0,0.833333,5
1530213846,1,1,4000,3000,600,600,2999,2585,409,5,0,0,0.833333,5
1530213846,1,1,6000,3000,600,600,2999,1362,128,1,1508,0,0.833333,5
1530213846,1,1,8000,3000,600,600,2999,759,38,1,2201,0,0.833333,5
1530213846,1,1,10000,3000,600,600,3000,498,21,1,2480,0,0.833333,5
1530213846,1,2,3000,3000,600,600,2996,2204,504,288,0,0,0.85,5
1530213846,1,2,2000,3000,600,600,2996,2204,504,288,0,0,0.85,5
1530213846,1,2,4000,3000,600,600,2996,2204,504,288,0,0,0.833333,5
1530213846,1,2,6000,3000,600,600,2996,2204,504,288,0,0,0.833333,5
1530213846,1,2,8000,3000,600,600,2996,2204,504,288,0,0,0.85,5
1530213846,1,2,10000,3000,600,600,2999,667,30,2,2300,0,0.833333,5
1530213846,1,3,3000,3000,600,600,2999,2716,238,45,0,0,0.85,5
1530213846,1,3,2000,3000,600,600,2999,2716,238,45,0,0,0.85,5
1530213846,1,3,4000,3000,600,600,2999,2716,238,45,0,0,0.833333,5
1530213846,1,3,6000,3000,600,600,2999,2138,182,36,643,0,0.816667,5
1530213846,1,3,8000,3000,600,600,2999,988,78,19,1914,0,0.816667,5
1530213846,1,3,10000,3000,600,600,3000,498,21,1,2480,0,0.816667,5
1530213846,1,4,3000,3000,600,600,2999,2616,378,5,0,0,0.85,5
1530213846,1,4,2000,3000,600,600,2999,2585,409,5,0,0,0.85,5
1530213846,1,4,4000,3000,600,600,2999,2740,244,15,0,0,0.833333,5
1530213846,1,4,6000,3000,600,600,2996,2322,454,220,0,0,0.833333,5
1530213846,1,4,8000,3000,600,600,2995,1217,1134,644,0,0,0.833333,5
1530213846,1,4,10000,3000,600,600,2994,830,1140,625,399,0,0.833333,5
1530213846,1,5,3000,3000,600,600,2999,2722,230,47,0,0,0.85,5
1530213846,1,5,2000,3000,600,600,2999,2716,238,45,0,0,0.833333,5
1530213846,1,5,4000,3000,600,600,2999,2680,257,62,0,0,0.833333,5
1530213846,1,5,6000,3000,600,600,2996,2136,426,259,175,0,0.833333,5
1530213846,1,5,8000,3000,600,600,2994,997,934,654,409,0,0.833333,5
1530213846,1,5,10000,3000,600,600,2993,547,1054,642,750,0,0.833333,5
1530213846,1,8,3000,3000,600,600,2993,243,1628,1122,0,0,0.833333,5
1530213846,1,8,2000,3000,600,600,2993,242,1629,1122,0,0,0.833333,5
1530213846,1,8,4000,3000,600,600,2993,243,1628,1122,0,0,0.85,5
1530213846,1,8,6000,3000,600,600,2993,243,1628,1122,0,0,0.833333,5
1530213846,1,8,8000,3000,600,600,2993,243,1628,1122,0,0,0.833333,5
1530213846,1,8,10000,3000,600,600,2993,260,1441,941,351,0,0.85,5
4231937033,1,1,3000,3000,600,600,3000,2629,365,6,0,0,0.833333,5
4231937033,1,1,2000,3000,600,600,3000,2629,365,6,0,0,0.833333,5
4231937033,1,1,4000,3000,600,600,3000,2629,365,6,0,0,0.85,5
4231937033,1,1,6000,3000,600,600,3000,1340,117,1,1542,0,0.816667,5
4231937033,1,1,8000,3000,600,600,3000,759,44,1,2196,0,0.816667,5
4231937033,1,1,10000,3000,600,600,3000,493,17,0,2490,0,0.833333,5
4231937033,1,2,3000,3000,600,600,2999,2257,488,254,0,0,0.833333,5
4231937033,1,2,2000,3000,600,600,2999,2257,488,254,0,0,0.833333,5
4231937033,1,2,4000,3000,600,600,2999,2257,488,254,0,0,0.833333,5
4231937033,1,2,6000,3000,600,600,2999,2257,488,254,0,0,0.866667,5
4231937033,1,2,8000,3000,600,600,2999,2257,488,254,0,0,0.833333,5
4231937033,1,2,10000,3000,600,600,3000,673,26,1,2300,0,0.833333,5
4231937033,1,3,3000,3000,600,600,3000,2713,243,44,0,0,0.833333,5
4231937033,1,3,2000,3000,600,600,3000,2713,243,44,0,0,0.833333,5
4231937033,1,3,4000,3000,600,600,3000,2713,243,44,0,0,0.833333,5
4231937033,1,3,6000,3000,600,600,3000,2046,186,34,734,0,0.833333,5
4231937033,1,3,8000,3000,600,600,3000,980,89,20,1911,0,0.816667,5
4231937033,1,3,10000,3000,600,600,3000,493,17,0,2490,0,0.816667,5
4231937033,1,4,3000,3000,600,600,3000,2668,325,7,0,0,0.833333,5
4231937033,1,4,2000,3000,600,600,3000,2629,365,6,0,0,0.85,5
4231937033,1,4,4000,3000,600,600,3000,2702,281,17,0,0,0.85,5
4231937033,1,4,6000,3000,600,600,2999,2350,472,177,0,0,0.85,5
4231937033,1,4,8000,3000,600,600,2997,1292,1082,623,0,0,0.833333,5
4231937033,1,4,10000,3000,600,600,2997,887,1103,562,445,0,0.833333,5
4231937033,1,5,3000,3000,600,600,3000,2722,234,44,0,0,0.833333,5
4231937033,1,5,2000,3000,600,600,3000,2713,243,44,0,0,0.866667,5
4231937033,1,5,4000,3000,600,600,3000,2684,257,59,0,0,0.85,5
4231937033,1,5,6000,3000,600,600,2998,2109,432,267,190,0,0.833333,5
4231937033,1,5,8000,3000,600,600,2996,1003,969,604,420,0,0.833333,5
4231937033,1,5,10000,3000,600,600,2995,573,1053,580,789,0,0.833333,5
4231937033,1,8,3000,3000,600,600,2995,250,1654,1091,0,0,0.833333,5
4231937033,1,8,2000,3000,600,600,2995,250,1654,1091,0,0,0.833333,5
4231937033,1,8,4000,3000,600,600,2995,250,1654,1091,0,0,0.816667,5
4231937033,1,8,6000,3000,600,600,2995,250,1654,1091,0,0,0.816667,5
4231937033,1,8,8000,3000,600,600,2995,250,1654,1091,0,0,0.833333,5
4231937033,1,8,10000,3000,600,600,2995,266,1452,901,376,0,0.85,5
3659456089,1,1,3000,3000,600,600,3000,2582,417,1,0,0,0.833333,5
3659456089,1,1,2000,3000,600,600,3000,2582,417,1,0,0,0.833333,5
3659456089,1,1,4000,3000,600,600,3000,2582,417,1,0,0,0.85,5
3659456089,1,1,6000,3000,600,600,3000,1327,131,0,1542,0,0.833333,5
3659456089,1,1,8000,3000,600,600,3000,781,51,0,2168,0,0.816667,5
3659456089,1,1,10000,3000,600,600,3000,506,23,0,2471,0,0.833333,5
3659456089,1,2,3000,3000,600,600,2999,2255,492,252,0,0,0.85,5
3659456089,1,2,2000,3000,600,600,2999,2255,492,252,0,0,0.85,5
3659456089,1,2,4000,3000,600,600,2999,2255,492,252,0,0,0.833333,5
3659456089,1,2,6000,3000,600,600,2999,2255,492,252,0,0,0.833333,5
3659456089,1,2,8000,3000,600,600,2999,2255,492,252,0,0,0.85,5
3659456089,1,2,10000,3000,600,600,3000,698,30,0,2272,0,0.833333,5
3659456089,1,3,3000,3000,600,600,3000,2701,241,58,0,0,0.833333,5
3659456089,1,3,2000,3000,600,600,3000,2701,241,58,0,0,0.833333,5
3659456089,1,3,4000,3000,600,600,3000,2701,241,58,0,0,0.833333,5
3659456089,1,3,6000,3000,600,600,3000,2019,179,44,758,0,0.833333,5
3659456089,1,3,8000,3000,600,600,3000,1021,85,30,1864,0,0.833333,5
3659456089,1,3,10000,3000,600,600,3000,506,23,0,2471,0,0.9,5
3659456089,1,4,3000,3000,600,600,3000,2614,384,2,0,0,0.85,5
3659456089,1,4,2000,3000,600,600,3000,2582,417,1,0,0,0.85,5
3659456089,1,4,4000,3000,600,600,3000,2713,275,12,0,0,0.833333,5
3659456089,1,4,6000,3000,600,600,2999,2343,452,204,0,0,0.833333,5
3659456089,1,4,8000,3000,600,600,2999,1283,1113,603,0,0,0.833333,5
3659456089,1,4,10000,3000,600,600,2999,896,1117,577,409,0,0.833333,5
3659456089,1,5,3000,3000,600,600,3000,2702,239,59,0,0,0.85,5
3659456089,1,5,2000,3000,600,600,3000,2701,241,58,0,0,0.833333,5
3659456089,1,5,4000,3000,600,600,3000,2680,244,76,0,0,0.833333,5
3659456089,1,5,6000,3000,600,600,2999,2095,434,271,199,0,0.833333,5
3659456089,1,5,8000,3000,600,600,2996,962,965,656,413,0,0.833333,5
3659456089,1,5,10000,3000,600,600,2997,566,1047,640,744,0,0.85,5
3659456089,1,8,3000,3000,600,600,2995,254,1633,1108,0,0,0.85,5
3659456089,1,8,2000,3000,600,600,2995,254,1633,1108,0,0,0.833333,5
3659456089,1,8,4000,3000,600,600,2995,254,1633,1108,0,0,0.833333,5
3659456089,1,8,6000,3000,600,600,2995,254,1633,1108,0,0,0.816667,5
3659456089,1,8,8000,3000,600,600,2995,254,1633,1108,0,0,0.833333,5
3659456089,1,8,10000,3000,600,600,2995,262,1463,933,337,0,0.833333,5
1410288671,1,1,3000,3000,600,600,2999,2548,447,4,0,0,0.816667,5
1410288671,1,1,2000,3000,600,600,2999,2548,447,4,0,0,0.85,5
1410288671,1,1,4000,3000,600,600,2999,2548,447,4,0,0,0.833333,5
1410288671,1,1,6000,3000,600,600,2999,1356,151,1,1491,0,0.816667,5
1410288671,1,1,8000,3000,600,600,2999,802,53,0,2144,0,0.816667,5
1410288671,1,1,10000,3000,600,600,2999,520,18,0,2461,0,0.816667,5
1410288671,1,2,3000,3000,600,600,2998,2231,485,282,0,0,0.85,5
1410288671,1,2,2000,3000,600,600,2998,2231,485,282,0,0,0.833333,5
1410288671,1,2,4000,3000,600,600,2998,2231,485,282,0,0,0.833333,5
1410288671,1,2,6000,3000,600,600,2998,2231,485,282,0,0,0.833333,5
1410288671,1,2,8000,3000,600,600,2998,2231,485,282,0,0,0.833333,5
1410288671,1,2,10000,3000,600,600,2999,723,28,1,2247,0,0.833333,5
1410288671,1,3,3000,3000,600,600,2999,2683,266,50,0,0,0.85,5
1410288671,1,3,2000,3000,600,600,2999,2683,266,50,0,0,0.85,5
1410288671,1,3,4000,3000,600,600,2999,2683,266,50,0,0,0.833333,5
1410288671,1,3,6000,3000,600,600,2999,2084,210,41,664,0,0.833333,5
1410288671,1,3,8000,3000,600,600,2999,1041,97,20,1841,0,0.833333,5
1410288671,1,3,10000,3000,600,600,2999,520,18,0,2461,0,0.833333,5
1410288671,1,4,3000,3000,600,600,2999,2581,413,5,0,0,0.833333,5
1410288671,1,4,2000,3000,600,600,2999,2548,447,4,0,0,0.85,5
1410288671,1,4,4000,3000,600,600,2999,2705,278,16,0,0,0.833333,5
1410288671,1,4,6000,3000,600,600,2999,2340,451,208,0,0,0.85,5
1410288671,1,4,8000,3000,600,600,2997,1356,1018,623,0,0,0.833333,5
1410288671,1,4,10000,3000,600,600,2996,887,1119,590,400,0,0.833333,5
1410288671,1,5,3000,3000,600,600,2999,2693,254,52,0,0,0.833333,5
1410288671,1,5,2000,3000,600,600,2999,2683,266,50,0,0,0.85,5
1410288671,1,5,4000,3000,600,600,2999,2670,262,67,0,0,0.85,5
1410288671,1,5,6000,3000,600,600,2999,2081,460,269,189,0,0.816667,5
1410288671,1,5,8000,3000,600,600,2997,996,959,638,404,0,0.833333,5
1410288671,1,5,10000,3000,600,600,2998,576,1036,626,760,0,0.833333,5
1410288671,1,8,3000,3000,600,600,2996,237,1648,1111,0,0,0.833333,5
1410288671,1,8,2000,3000,600,600,2996,237,1648,1111,0,0,0.816667,5
1410288671,1,8,4000,3000,600,600,2996,237,1648,1111,0,0,0.816667,5
1410288671,1,8,6000,3000,600,600,2996,237,1648,1111,0,0,0.833333,5
1410288671,1,8,8000,3000,600,600,2996,237,1648,1111,0,0,0.833333,5
1410288671,1,8,10000,3000,600,600,2996,253,1474,919,350,0,0.833333,5
3060416028,1,1,3000,3000,600,600,3000,2644,352,4,0,0,0.833333,5
3060416028,1,1,2000,3000,600,600,3000,2644,352,4,0,0,0.833333,5
3060416028,1,1,4000,3000,600,600,3000,2644,352,4,0,0,0.833333,5
3060416028,1,1,6000,3000,600,600,3000,1361,109,1,1529,0,0.833333,5
3060416028,1,1,8000,3000,600,600,3000,774,36,0,2190,0,0.833333,5
3060416028,1,1,10000,3000,600,600,3000,521,20,0,2459,0,0.833333,5
3060416028,1,2,3000,3000,600,600,3000,2251,490,259,0,0,0.85,5
3060416028,1,2,2000,3000,600,600,3000,2251,490,259,0,0,0.833333,5
3060416028,1,2,4000,3000,600,600,3000,2251,490,259,0,0,0.833333,5
3060416028,1,2,6000,3000,600,600,3000,2251,490,259,0,0,0.85,5
3060416028,1,2,8000,3000,600,600,3000,2251,490,259,0,0,0.833333,5
3060416028,1,2,10000,3000,600,600,3000,688,20,0,2292,0,0.833333,5
3060416028,1,3,3000,3000,600,600,3000,2760,206,34,0,0,0.833333,5
3060416028,1,3,2000,3000,600,600,3000,2760,206,34,0,0,0.833333,5
3060416028,1,3,4000,3000,600,600,3000,2760,206,34,0,0,0.833333,5
3060416028,1,3,6000,3000,600,600,3000,2088,154,28,730,0,0.833333,5
3060416028,1,3,8000,3000,600,600,3000,1021,78,14,1887,0,0.85,5
3060416028,1,3,10000,3000,600,600,3000,521,20,0,2459,0,0.833333,5
3060416028,1,4,3000,3000,600,600,3000,2682,313,5,0,0,0.833333,5
3060416028,1,4,2000,3000,600,600,3000,2644,352,4,0,0,0.833333,5
3060416028,1,4,4000,3000,600,600,3000,2746,241,13,0,0,0.833333,5
3060416028,1,4,6000,3000,600,600,3000,2359,454,187,0,0,0.833333,5
3060416028,1,4,8000,3000,600,600,3000,1260,1113,627,0,0,0.833333,5
3060416028,1,4,10000,3000,600,600,3000,872,1142,563,423,0,0.816667,5
3060416028,1,5,3000,3000,600,600,3000,2757,208,35,0,0,0.833333,5
3060416028,1,5,2000,3000,600,600,3000,2760,206,34,0,0,0.833333,5
3060416028,1,5,4000,3000,600,600,3000,2733,215,52,0,0,0.833333,5
3060416028,1,5,6000,3000,600,600,3000,2098,441,247,214,0,0.833333,5
3060416028,1,5,8000,3000,600,600,3000,1013,949,629,409,0,0.833333,5
3060416028,1,5,10000,3000,600,600,2998,572,1040,611,775,0,0.833333,5
3060416028,1,8,3000,3000,600,600,2999,245,1653,1101,0,0,0.833333,5
3060416028,1,8,2000,3000,600,600,2999,245,1653,1101,0,0,0.833333,5
3060416028,1,8,4000,3000,600,600,2999,245,1653,1101,0,0,0.833333,5
3060416028,1,8,6000,3000,600,600,2999,245,1653,1101,0,0,0.833333,5
3060416028,1,8,8000,3000,600,600,2999,245,1653,1101,0,0,0.833333,5
3060416028,1,8,10000,3000,600,600,2999,255,1472,909,363,0,0.816667,5
347184495,1,1,3000,3000,600,600,3000,2585,414,1,0,0,0.833333,5
347184495,1,1,2000,3000,600,600,3000,2585,414,1,0,0,0.833333,5
347184495,1,1,4000,3000,600,600,3000,2585,414,1,0,0,0.833333,5
347184495,1,1,6000,3000,600,600,3000,1333,119,0,1548,0,0.816667,5
347184495,1,1,8000,3000,600,600,3000,779,35,0,2186,0,0.833333,5
347184495,1,1,10000,3000,600,600,3000,502,11,0,2487,0,0.816667,5
347184495,1,2,3000,3000,600,600,2998,2229,494,275,0,0,0.85,5
347184495,1,2,2000,3000,600,600,2998,2229,494,275,0,0,0.833333,5
347184495,1,2,4000,3000,600,600,2998,2229,494,275,0,0,0.833333,5
347184495,1,2,6000,3000,600,600,2998,2229,494,275,0,0,0.85,5
347184495,1,2,8000,3000,600,600,2998,2229,494,275,0,0,0.833333,5
347184495,1,2,10000,3000,600,600,3000,693,20,0,2287,0,0.833333,5
347184495,1,3,3000,3000,600,600,3000,2726,225,49,0,0,0.833333,5
347184495,1,3,2000,3000,600,600,3000,2726,225,49,0,0,0.85,5
347184495,1,3,4000,3000,600,600,3000,2726,225,49,0,0,0.85,5
347184495,1,3,6000,3000,600,600,3000,2079,160,38,723,0,0.85,5
347184495,1,3,8000,3000,600,600,3000,1040,59,17,1884,0,0.833333,5
347184495,1,3,10000,3000,600,600,3000,502,11,0,2487,0,0.833333,5
347184495,1,4,3000,3000,600,600,3000,2624,374,2,0,0,0.833333,5
347184495,1,4,2000,3000,600,600,3000,2585,414,1,0,0,0.833333,5
347184495,1,4,4000,3000,600,600,3000,2717,268,15,0,0,0.833333,5
347184495,1,4,6000,3000,600,600,2997,2341,450,206,0,0,0.833333,5
347184495,1,4,8000,3000,600,600,2995,1237,1096,662,0,0,0.833333,5
347184495,1,4,10000,3000,600,600,2997,823,1096,640,438,0,0.816667,5
347184495,1,5,3000,3000,600,600,3000,2728,221,51,0,0,0.85,5
347184495,1,5,2000,3000,600,600,3000,2726,225,49,0,0,0.833333,5
347184495,1,5,4000,3000,600,600,3000,2691,230,79,0,0,0.833333,5
347184495,1,5,6000,3000,600,600,2997,2068,464,282,183,0,0.833333,5
347184495,1,5,8000,3000,600,600,2994,961,975,653,405,0,0.85,5
347184495,1,5,10000,3000,600,600,2995,527,1050,635,783,0,0.816667,5
347184495,1,8,3000,3000,600,600,2992,210,1646,1136,0,0,0.833333,5
347184495,1,8,2000,3000,600,600,2992,210,1646,1136,0,0,0.816667,5
347184495,1,8,4000,3000,600,600,2992,210,1646,1136,0,0,0.85,5
347184495,1,8,6000,3000,600,600,2992,210,1646,1136,0,0,0.85,5
347184495,1,8,8000,3000,600,600,2992,210,1646,1136,0,0,0.833333,5
347184495,1,8,10000,3000,600,600,2993,231,1434,931,397,0,0.833333,5
2102015860,1,1,3000,3000,600,600,2999,2595,395,9,0,0,0.85,5
2102015860,1,1,2000,3000,600,600,2999,2595,395,9,0,0,0.85,5
2102015860,1,1,4000,3000,600,600,2999,2595,395,9,0,0,0.833333,5
2102015860,1,1,6000,3000,600,600,3000,1401,130,2,1467,0,0.85,5
2102015860,1,1,8000,3000,600,600,3000,775,39,0,2186,0,0.816667,5
2102015860,1,1,10000,3000,600,600,3000,502,19,0,2479,0,0.816667,5
2102015860,1,2,3000,3000,600,600,2998,2258,491,249,0,0,0.833333,5
2102015860,1,2,2000,3000,600,600,2998,2258,491,249,0,0,0.833333,5
2102015860,1,2,4000,3000,600,600,2998,2258,491,249,0,0,0.833333,5
2102015860,1,2,6000,3000,600,600,2998,2258,491,249,0,0,0.833333,5
2102015860,1,2,8000,3000,600,600,2998,2258,491,249,0,0,0.833333,5
2102015860,1,2,10000,3000,600,600,3000,678,28,0,2294,0,0.833333,5
2102015860,1,3,3000,3000,600,600,2999,2719,236,44,0,0,0.833333,5
2102015860,1,3,2000,3000,600,600,2999,2719,236,44,0,0,0.833333,5
2102015860,1,3,4000,3000,600,600,2999,2719,236,44,0,0,0.833333,5
2102015860,1,3,6000,3000,600,600,2999,2195,181,35,588,0,0.833333,5
2102015860,1,3,8000,3000,600,600,3000,1036,67,14,1883,0,0.833333,5
2102015860,1,3,10000,3000,600,600,3000,502,19,0,2479,0,0.816667,5
2102015860,1,4,3000,3000,600,600,2999,2630,360,9,0,0,0.833333,5
2102015860,1,4,2000,3000,600,600,2999,2595,395,9,0,0,0.85,5
2102015860,1,4,4000,3000,600,600,2999,2739,245,15,0,0,0.833333,5
2102015860,1,4,6000,3000,600,600,2998,2371,446,181,0,0,0.833333,5
2102015860,1,4,8000,3000,600,600,2996,1378,1016,602,0,0,0.833333,5
2102015860,1,4,10000,3000,600,600,2994,862,1146,603,383,0,0.833333,5
2102015860,1,5,3000,3000,600,600,2999,2733,220,46,0,0,0.85,5
2102015860,1,5,2000,3000,600,600,2999,2719,236,44,0,0,0.833333,5
2102015860,1,5,4000,3000,600,600,2999,2726,215,58,0,0,0.833333,5
2102015860,1,5,6000,3000,600,600,2996,2151,453,245,147,0,0.816667,5
2102015860,1,5,8000,3000,600,600,2996,1041,930,639,386,0,0.833333,5
2102015860,1,5,10000,3000,600,600,2997,580,1054,632,731,0,0.833333,5
2102015860,1,8,3000,3000,600,600,2995,243,1640,1112,0,0,0.816667,5
2102015860,1,8,2000,3000,600,600,2995,243,1640,1112,0,0,0.833333,5
2102015860,1,8,4000,3000,600,600,2995,243,1640,1112,0,0,0.833333,5
2102015860,1,8,6000,3000,600,600,2995,243,1640,1112,0,0,0.833333,5
2102015860,1,8,8000,3000,600,600,2995,243,1640,1112,0,0,0.833333,5
2102015860,1,8,10000,3000,600,600,2995,247,1478,944,326,0,0.833333,5