RunSeed,Seed,Algoritmo,Radius,nDevices,appPeriodSeconds,simulationTime,PHYTotal,PHYSuccessful,PHYInterfered,PHYNoMoreReceivers,PHYUnderSensitivity,PHYLostBecauseTX,SimulationDuration,targetRealocation
1561007216,1,1,3000,3000,600,600,3000,2575,419,6,0,0,1.66667,5
1561007216,1,1,3000,1000,600,600,1000,952,48,0,0,0,0.15,5
1561007216,1,1,3000,2000,600,600,2000,1829,167,4,0,0,0.6,5
1561007216,1,1,3000,4000,600,600,3999,3368,624,7,0,0,3.2,5
1561007216,1,1,3000,5000,600,600,4999,3984,990,25,0,0,5.2,5
1561007216,1,1,3000,6000,600,600,5999,4575,1376,48,0,0,7.73333,5
1561007216,1,2,3000,3000,600,600,2998,2235,486,277,0,0,1.63333,5
1561007216,1,2,3000,1000,600,600,1000,923,66,11,0,0,0.0833333,5
1561007216,1,2,3000,2000,600,600,1997,1642,276,79,0,0,0.566667,5
1561007216,1,2,3000,4000,600,600,3996,2714,725,557,0,0,3.26667,5
1561007216,1,2,3000,5000,600,600,4995,2973,1027,995,0,0,5.01667,5
1561007216,1,2,3000,6000,600,600,5995,3239,1274,1482,0,0,7.8,5
1561007216,1,3,3000,3000,600,600,2999,2699,247,53,0,0,1.65,5
1561007216,1,3,3000,1000,600,600,1000,962,33,5,0,0,0.1,5
1561007216,1,3,3000,2000,600,600,1999,1879,103,17,0,0,0.6,5
1561007216,1,3,3000,4000,600,600,3998,3535,349,114,0,0,3.33333,5
1561007216,1,3,3000,5000,600,600,4998,4211,538,249,0,0,5.33333,5
1561007216,1,3,3000,6000,600,600,5997,4799,813,385,0,0,7.76667,5
1561007216,1,4,3000,3000,600,600,2999,2599,394,6,0,0,1.66667,5
1561007216,1,4,3000,1000,600,600,1000,950,50,0,0,0,0.1,5
1561007216,1,4,3000,2000,600,600,2000,1846,149,5,0,0,0.6,5
1561007216,1,4,3000,4000,600,600,3999,3410,582,7,0,0,3.33333,5
1561007216,1,4,3000,5000,600,600,4999,4073,900,26,0,0,5.38333,5
1561007216,1,4,3000,6000,600,600,5999,4687,1260,52,0,0,7.75,5
1561007216,1,5,3000,3000,600,600,2999,2699,246,54,0,0,1.8,5
1561007216,1,5,3000,1000,600,600,1000,963,32,5,0,0,0.1,5
1561007216,1,5,3000,2000,600,600,1999,1883,99,17,0,0,0.55,5
1561007216,1,5,3000,4000,600,600,3998,3537,347,114,0,0,3.28333,5
1561007216,1,5,3000,5000,600,600,4998,4219,528,251,0,0,5.46667,5
1561007216,1,5,3000,6000,600,600,5997,4810,798,389,0,0,7.8,5
1561007216,1,8,3000,3000,600,600,2998,231,1645,1122,0,0,1.7,5
1561007216,1,8,3000,1000,600,600,1000,369,540,91,0,0,0.1,5
1561007216,1,8,3000,2000,600,600,1995,308,1199,488,0,0,0.583333,5
1561007216,1,8,3000,4000,600,600,3992,177,1942,1873,0,0,3.38333,5
1561007216,1,8,3000,5000,600,600,4992,129,2118,2745,0,0,5.51667,5
1561007216,1,8,3000,6000,600,600,5994,124,2243,3627,0,0,7.93333,5
3940056016,1,1,3000,3000,600,600,3000,2603,393,4,0,0,1.78333,5
3940056016,1,1,3000,1000,600,600,1000,947,52,1,0,0,0.0833333,5
3940056016,1,1,3000,2000,600,600,1999,1830,166,3,0,0,0.583333,5
3940056016,1,1,3000,4000,600,600,4000,3342,642,16,0,0,3.26667,5
3940056016,1,1,3000,5000,600,600,5000,3962,1013,25,0,0,5.3,5
3940056016,1,1,3000,6000,600,600,6000,4550,1406,44,0,0,7.56667,5
3940056016,1,2,3000,3000,600,600,2999,2194,513,292,0,0,1.65,5
3940056016,1,2,3000,1000,600,600,999,899,84,16,0,0,0.1,5
3940056016,1,2,3000,2000,600,600,1997,1610,273,114,0,0,0.6,5
3940056016,1,2,3000,4000,600,600,3996,2657,745,594,0,0,3.23333,5
3940056016,1,2,3000,5000,600,600,4998,2980,1018,1000,0,0,5.4,5
3940056016,1,2,3000,6000,600,600,5997,3175,1327,1495,0,0,8.06667,5
3940056016,1,3,3000,3000,600,600,3000,2700,250,50,0,0,1.65,5
3940056016,1,3,3000,1000,600,600,1000,965,33,2,0,0,0.1,5
3940056016,1,3,3000,2000,600,600,1998,1855,118,25,0,0,0.6,5
3940056016,1,3,3000,4000,600,600,3999,3457,398,144,0,0,3.25,5
3940056016,1,3,3000,5000,600,600,4999,4140,587,272,0,0,5.4,5
3940056016,1,3,3000,6000,600,600,5997,4778,816,403,0,0,7.88333,5
3940056016,1,4,3000,3000,600,600,3000,2643,353,4,0,0,1.66667,5
3940056016,1,4,3000,1000,600,600,1000,952,47,1,0,0,0.0833333,5
3940056016,1,4,3000,2000,600,600,1999,1842,154,3,0,0,0.633333,5
3940056016,1,4,3000,4000,600,600,4000,3405,577,18,0,0,3.2,5
3940056016,1,4,3000,5000,600,600,5000,4025,944,31,0,0,5.1,5
3940056016,1,4,3000,6000,600,600,6000,4653,1298,49,0,0,7.91667,5
3940056016,1,5,3000,3000,600,600,3000,2704,244,52,0,0,1.63333,5
3940056016,1,5,3000,1000,600,600,1000,967,31,2,0,0,0.1,5
3940056016,1,5,3000,2000,600,600,1998,1856,117,25,0,0,0.616667,5
3940056016,1,5,3000,4000,600,600,3999,3480,374,145,0,0,3.21667,5
3940056016,1,5,3000,5000,600,600,4999,4152,572,275,0,0,5.3,5
3940056016,1,5,3000,6000,600,600,5997,4788,805,404,0,0,7.88333,5
3940056016,1,8,3000,3000,600,600,2996,230,1634,1132,0,0,1.68333,5
3940056016,1,8,3000,1000,600,600,999,339,562,98,0,0,0.0833333,5
3940056016,1,8,3000,2000,600,600,1993,285,1214,494,0,0,0.6,5
3940056016,1,8,3000,4000,600,600,3996,202,1912,1882,0,0,3.26667,5
3940056016,1,8,3000,5000,600,600,4993,134,2129,2730,0,0,5.45,5
3940056016,1,8,3000,6000,600,600,5995,112,2241,3642,0,0,8.31667,5
2323637136,1,1,3000,3000,600,600,3000,2616,381,3,0,0,1.7,5
2323637136,1,1,3000,1000,600,600,1000,939,61,0,0,0,0.1,5
2323637136,1,1,3000,2000,600,600,1999,1825,173,1,0,0,0.583333,5
2323637136,1,1,3000,4000,600,600,4000,3347,648,5,0,0,2.98333,5
2323637136,1,1,3000,5000,600,600,4999,3956,1016,27,0,0,5.41667,5
2323637136,1,1,3000,6000,600,600,5999,4537,1402,60,0,0,7.81667,5
2323637136,1,2,3000,3000,600,600,2999,2279,463,257,0,0,1.63333,5
2323637136,1,2,3000,1000,600,600,999,917,69,13,0,0,0.1,5
2323637136,1,2,3000,2000,600,600,1998,1670,233,95,0,0,0.6,5
2323637136,1,2,3000,4000,600,600,4000,2683,774,543,0,0,3.21667,5
2323637136,1,2,3000,5000,600,600,4997,2990,1055,952,0,0,5.38333,5
2323637136,1,2,3000,6000,600,600,5994,3188,1313,1493,0,0,8.08333,5
2323637136,1,3,3000,3000,600,600,3000,2753,207,40,0,0,1.68333,5
2323637136,1,3,3000,1000,600,600,1000,956,42,2,0,0,0.0833333,5
2323637136,1,3,3000,2000,600,600,1999,1880,100,19,0,0,0.6,5
2323637136,1,3,3000,4000,600,600,4000,3493,388,119,0,0,3.21667,5
2323637136,1,3,3000,5000,600,600,4999,4186,581,232,0,0,5.3,5
2323637136,1,3,3000,6000,600,600,5998,4824,802,372,0,0,7.66667,5
2323637136,1,4,3000,3000,600,600,3000,2654,343,3,0,0,1.71667,5
2323637136,1,4,3000,1000,600,600,1000,942,58,0,0,0,0.0833333,5
2323637136,1,4,3000,2000,600,600,1999,1842,155,2,0,0,0.616667,5
2323637136,1,4,3000,4000,600,600,4000,3394,600,6,0,0,3.18333,5
2323637136,1,4,3000,5000,600,600,4999,4033,933,33,0,0,5.35,5
2323637136,1,4,3000,6000,600,600,5999,4630,1306,63,0,0,7.91667,5
2323637136,1,5,3000,3000,600,600,3000,2751,209,40,0,0,1.78333,5
2323637136,1,5,3000,1000,600,600,1000,957,41,2,0,0,0.1,5
2323637136,1,5,3000,2000,600,600,1999,1882,97,20,0,0,0.633333,5
2323637136,1,5,3000,4000,600,600,4000,3495,382,123,0,0,3.28333,5
2323637136,1,5,3000,5000,600,600,4999,4181,583,235,0,0,5.35,5
2323637136,1,5,3000,6000,600,600,5998,4830,790,378,0,0,7.88333,5
2323637136,1,8,3000,3000,600,600,2998,216,1647,1135,0,0,1.75,5
2323637136,1,8,3000,1000,600,600,996,381,532,83,0,0,0.1,5
2323637136,1,8,3000,2000,600,600,1997,320,1203,474,0,0,0.65,5
2323637136,1,8,3000,4000,600,600,3995,184,1933,1878,0,0,3.3,5
2323637136,1,8,3000,5000,600,600,4992,154,2118,2720,0,0,5.46667,5
2323637136,1,8,3000,6000,600,600,5992,121,2250,3621,0,0,8.28333,5
4131019155,1,1,3000,3000,600,600,2999,2585,404,10,0,0,1.91667,5
4131019155,1,1,3000,1000,600,600,1000,941,58,1,0,0,0.1,5
4131019155,1,1,3000,2000,600,600,2000,1821,177,2,0,0,0.616667,5
4131019155,1,1,3000,4000,600,600,4000,3291,694,15,0,0,3.2,5
4131019155,1,1,3000,5000,600,600,5000,3947,1022,31,0,0,5.3,5
4131019155,1,1,3000,6000,600,600,5999,4497,1463,39,0,0,7.88333,5
4131019155,1,2,3000,3000,600,600,2995,2224,492,279,0,0,1.7,5
4131019155,1,2,3000,1000,600,600,1000,908,82,10,0,0,0.0833333,5
4131019155,1,2,3000,2000,600,600,2000,1631,277,92,0,0,0.666667,5
4131019155,1,2,3000,4000,600,600,3994,2699,731,564,0,0,3.3,5
4131019155,1,2,3000,5000,600,600,4995,2972,1026,997,0,0,5.31667,5
4131019155,1,2,3000,6000,600,600,5998,3139,1324,1535,0,0,8.1,5
4131019155,1,3,3000,3000,600,600,2997,2685,251,61,0,0,1.73333,5
4131019155,1,3,3000,1000,600,600,1000,961,36,3,0,0,0.1,5
4131019155,1,3,3000,2000,600,600,2000,1866,115,19,0,0,0.633333,5
4131019155,1,3,3000,4000,600,600,3997,3451,414,132,0,0,3.1,5
4131019155,1,3,3000,5000,600,600,4997,4130,635,232,0,0,5.3,5
4131019155,1,3,3000,6000,600,600,5999,4786,848,365,0,0,7.86667,5
4131019155,1,4,3000,3000,600,600,2999,2618,371,10,0,0,1.73333,5
4131019155,1,4,3000,1000,600,600,1000,950,49,1,0,0,0.1,5
4131019155,1,4,3000,2000,600,600,2000,1838,160,2,0,0,0.633333,5
4131019155,1,4,3000,4000,600,600,4000,3359,626,15,0,0,3.33333,5
4131019155,1,4,3000,5000,600,600,5000,4027,940,33,0,0,5.31667,5
4131019155,1,4,3000,6000,600,600,5999,4626,1332,41,0,0,8,5
4131019155,1,5,3000,3000,600,600,2997,2693,242,62,0,0,1.7,5
4131019155,1,5,3000,1000,600,600,1000,960,37,3,0,0,0.1,5
4131019155,1,5,3000,2000,600,600,2000,1868,112,20,0,0,0.633333,5
4131019155,1,5,3000,4000,600,600,3997,3454,409,134,0,0,3.3,5
4131019155,1,5,3000,5000,600,600,4997,4135,626,236,0,0,5.36667,5
4131019155,1,5,3000,6000,600,600,5999,4790,835,374,0,0,7.63333,5
4131019155,1,8,3000,3000,600,600,2995,227,1681,1087,0,0,1.7,5
4131019155,1,8,3000,1000,600,600,999,351,563,85,0,0,0.0833333,5
4131019155,1,8,3000,2000,600,600,1997,308,1203,486,0,0,0.633333,5
4131019155,1,8,3000,4000,600,600,3993,184,1925,1884,0,0,3.35,5
4131019155,1,8,3000,5000,600,600,4994,154,2102,2738,0,0,5.5,5
4131019155,1,8,3000,6000,600,600,5993,139,2220,3634,0,0,8.15,5
2917941542,1,1,3000,3000,600,600,2999,2598,395,6,0,0,1.68333,5
2917941542,1,1,3000,1000,600,600,1000,948,52,0,0,0,0.1,5
2917941542,1,1,3000,2000,600,600,2000,1812,188,0,0,0,0.633333,5
2917941542,1,1,3000,4000,600,600,3999,3299,688,12,0,0,3.25,5
2917941542,1,1,3000,5000,600,600,4999,3933,1044,22,0,0,5.3,5
2917941542,1,1,3000,6000,600,600,6000,4464,1480,56,0,0,7.68333,5
2917941542,1,2,3000,3000,600,600,2996,2246,482,268,0,0,1.65,5
2917941542,1,2,3000,1000,600,600,999,915,72,12,0,0,0.1,5
2917941542,1,2,3000,2000,600,600,2000,1674,237,89,0,0,0.6,5
2917941542,1,2,3000,4000,600,600,3998,2630,770,598,0,0,3.21667,5
2917941542,1,2,3000,5000,600,600,4995,2991,1012,992,0,0,5.21667,5
2917941542,1,2,3000,6000,600,600,5999,3209,1309,1481,0,0,8,5
2917941542,1,3,3000,3000,600,600,2998,2693,254,51,0,0,1.71667,5
2917941542,1,3,3000,1000,600,600,1000,977,21,2,0,0,0.0833333,5
2917941542,1,3,3000,2000,600,600,2000,1890,99,11,0,0,0.616667,5
2917941542,1,3,3000,4000,600,600,3999,3463,412,124,0,0,3.4,5
2917941542,1,3,3000,5000,600,600,4998,4161,595,242,0,0,5.26667,5
2917941542,1,3,3000,6000,600,600,5999,4766,822,411,0,0,7.95,5
2917941542,1,4,3000,3000,600,600,2999,2630,363,6,0,0,1.7,5
2917941542,1,4,3000,1000,600,600,1000,953,47,0,0,0,0.0833333,5
2917941542,1,4,3000,2000,600,600,2000,1833,167,0,0,0,0.6,5
2917941542,1,4,3000,4000,600,600,3999,3356,631,12,0,0,3.21667,5
2917941542,1,4,3000,5000,600,600,4999,4030,943,26,0,0,5.33333,5
2917941542,1,4,3000,6000,600,600,6000,4582,1359,59,0,0,8.06667,5
2917941542,1,5,3000,3000,600,600,2998,2702,245,51,0,0,1.66667,5
2917941542,1,5,3000,1000,600,600,1000,974,24,2,0,0,0.0833333,5
2917941542,1,5,3000,2000,600,600,2000,1900,89,11,0,0,0.6,5
2917941542,1,5,3000,4000,600,600,3999,3475,396,128,0,0,3.13333,5
2917941542,1,5,3000,5000,600,600,4998,4171,585,242,0,0,5.3,5
2917941542,1,5,3000,6000,600,600,5999,4768,806,425,0,0,7.86667,5
2917941542,1,8,3000,3000,600,600,2994,222,1661,1111,0,0,1.73333,5
2917941542,1,8,3000,1000,600,600,997,359,559,79,0,0,0.1,5
2917941542,1,8,3000,2000,600,600,1999,331,1186,482,0,0,0.6,5
2917941542,1,8,3000,4000,600,600,3994,188,1927,1879,0,0,3.43333,5
2917941542,1,8,3000,5000,600,600,4992,157,2098,2737,0,0,5.5,5
2917941542,1,8,3000,6000,600,600,5995,112,2248,3635,0,0,8.18333,5
559006428,1,1,3000,3000,600,600,2998,2563,431,4,0,0,1.63333,5
559006428,1,1,3000,1000,600,600,1000,948,52,0,0,0,0.1,5
559006428,1,1,3000,2000,600,600,2000,1772,227,1,0,0,0.6,5
559006428,1,1,3000,4000,600,600,4000,3349,636,15,0,0,3.23333,5
559006428,1,1,3000,5000,600,600,5000,3955,1014,31,0,0,5.6,5
559006428,1,1,3000,6000,600,600,6000,4598,1361,41,0,0,7.68333,5
559006428,1,2,3000,3000,600,600,2997,2173,520,304,0,0,1.71667,5
559006428,1,2,3000,1000,600,600,1000,900,84,16,0,0,0.0833333,5
559006428,1,2,3000,2000,600,600,1996,1664,246,86,0,0,0.6,5
559006428,1,2,3000,4000,600,600,3997,2758,704,535,0,0,3.3,5
559006428,1,2,3000,5000,600,600,4997,2966,1020,1011,0,0,5.38333,5
559006428,1,2,3000,6000,600,600,5998,3201,1307,1490,0,0,7.95,5
559006428,1,3,3000,3000,600,600,2998,2698,241,59,0,0,1.68333,5
559006428,1,3,3000,1000,600,600,1000,969,28,3,0,0,0.0833333,5
559006428,1,3,3000,2000,600,600,1998,1845,135,18,0,0,0.616667,5
559006428,1,3,3000,4000,600,600,3998,3504,378,116,0,0,3.2,5
559006428,1,3,3000,5000,600,600,4999,4181,593,225,0,0,5.35,5
559006428,1,3,3000,6000,600,600,6000,4804,807,389,0,0,7.93333,5
559006428,1,4,3000,3000,600,600,2998,2606,386,6,0,0,1.66667,5
559006428,1,4,3000,1000,600,600,1000,954,46,0,0,0,0.1,5
559006428,1,4,3000,2000,600,600,2000,1793,206,1,0,0,0.633333,5
559006428,1,4,3000,4000,600,600,4000,3410,575,15,0,0,3.35,5
559006428,1,4,3000,5000,600,600,5000,4014,952,34,0,0,5.33333,5
559006428,1,4,3000,6000,600,600,6000,4696,1261,43,0,0,7.88333,5
559006428,1,5,3000,3000,600,600,2998,2695,242,61,0,0,1.68333,5
559006428,1,5,3000,1000,600,600,1000,967,30,3,0,0,0.1,5
559006428,1,5,3000,2000,600,600,1998,1846,134,18,0,0,0.6,5
559006428,1,5,3000,4000,600,600,3998,3504,376,118,0,0,3.28333,5
559006428,1,5,3000,5000,600,600,4999,4186,581,232,0,0,5.31667,5
559006428,1,5,3000,6000,600,600,6000,4810,796,394,0,0,7.81667,5
559006428,1,8,3000,3000,600,600,2996,256,1599,1141,0,0,1.68333,5
559006428,1,8,3000,1000,600,600,998,370,547,81,0,0,0.0833333,5
559006428,1,8,3000,2000,600,600,1994,318,1192,484,0,0,0.65,5
559006428,1,8,3000,4000,600,600,3993,177,1931,1885,0,0,3.31667,5
559006428,1,8,3000,5000,600,600,4993,131,2123,2739,0,0,5.6,5
559006428,1,8,3000,6000,600,600,5994,108,2255,3631,0,0,8.2,5
3404694056,1,1,3000,3000,600,600,3000,2594,400,6,0,0,1.66667,5
3404694056,1,1,3000,1000,600,600,1000,955,45,0,0,0,0.1,5
3404694056,1,1,3000,2000,600,600,2000,1835,165,0,0,0,0.6,5
3404694056,1,1,3000,4000,600,600,3998,3306,678,14,0,0,3.03333,5
3404694056,1,1,3000,5000,600,600,5000,3980,996,24,0,0,5.35,5
3404694056,1,1,3000,6000,600,600,6000,4505,1446,49,0,0,7.85,5
3404694056,1,2,3000,3000,600,600,2999,2236,497,266,0,0,1.68333,5
3404694056,1,2,3000,1000,600,600,999,918,67,14,0,0,0.1,5
3404694056,1,2,3000,2000,600,600,2000,1655,260,85,0,0,0.6,5
3404694056,1,2,3000,4000,600,600,3994,2657,778,559,0,0,3.21667,5
3404694056,1,2,3000,5000,600,600,4996,2962,1046,988,0,0,5.38333,5
3404694056,1,2,3000,6000,600,600,5993,3142,1313,1538,0,0,8.06667,5
3404694056,1,3,3000,3000,600,600,3000,2727,224,49,0,0,1.71667,5
3404694056,1,3,3000,1000,600,600,1000,974,26,0,0,0,0.1,5
3404694056,1,3,3000,2000,600,600,2000,1863,118,19,0,0,0.6,5
3404694056,1,3,3000,4000,600,600,3997,3499,371,127,0,0,3.35,5
3404694056,1,3,3000,5000,600,600,4998,4189,564,245,0,0,5.33333,5
3404694056,1,3,3000,6000,600,600,5997,4798,826,373,0,0,7.76667,5
3404694056,1,4,3000,3000,600,600,3000,2623,371,6,0,0,1.73333,5
3404694056,1,4,3000,1000,600,600,1000,959,41,0,0,0,0.1,5
3404694056,1,4,3000,2000,600,600,2000,1847,153,0,0,0,0.75,5
3404694056,1,4,3000,4000,600,600,3998,3377,607,14,0,0,3.28333,5
3404694056,1,4,3000,5000,600,600,5000,4087,887,26,0,0,5.45,5
3404694056,1,4,3000,6000,600,600,6000,4626,1319,55,0,0,7.76667,5
3404694056,1,5,3000,3000,600,600,3000,2734,216,50,0,0,1.76667,5
3404694056,1,5,3000,1000,600,600,1000,973,27,0,0,0,0.1,5
3404694056,1,5,3000,2000,600,600,2000,1866,115,19,0,0,0.65,5
3404694056,1,5,3000,4000,600,600,3997,3498,370,129,0,0,3.35,5
3404694056,1,5,3000,5000,600,600,4998,4195,549,254,0,0,5.45,5
3404694056,1,5,3000,6000,600,600,5997,4789,829,379,0,0,7.85,5
3404694056,1,8,3000,3000,600,600,2997,252,1638,1107,0,0,1.8,5
3404694056,1,8,3000,1000,600,600,997,373,552,72,0,0,0.0833333,5
3404694056,1,8,3000,2000,600,600,2000,290,1238,472,0,0,0.616667,5
3404694056,1,8,3000,4000,600,600,3992,178,1908,1906,0,0,3.33333,5
3404694056,1,8,3000,5000,600,600,4993,145,2137,2711,0,0,5.33333,5
3404694056,1,8,3000,6000,600,600,5993,137,2210,3646,0,0,8.36667,5
1879910465,1,1,3000,3000,600,600,2998,2592,399,7,0,0,1.71667,5
1879910465,1,1,3000,1000,600,600,1000,951,49,0,0,0,0.1,5
1879910465,1,1,3000,2000,600,600,2000,1790,209,1,0,0,0.65,5
1879910465,1,1,3000,4000,600,600,4000,3317,670,13,0,0,3.3,5
1879910465,1,1,3000,5000,600,600,5000,3954,1020,26,0,0,5.31667,5
1879910465,1,1,3000,6000,600,600,5998,4549,1408,41,0,0,7.9,5
1879910465,1,2,3000,3000,600,600,2995,2251,479,265,0,0,1.85,5
1879910465,1,2,3000,1000,600,600,999,921,62,16,0,0,0.116667,5
1879910465,1,2,3000,2000,600,600,1999,1674,236,89,0,0,0.65,5
1879910465,1,2,3000,4000,600,600,3997,2682,739,576,0,0,3.15,5
1879910465,1,2,3000,5000,600,600,4996,2996,1016,984,0,0,5.41667,5
1879910465,1,2,3000,6000,600,600,5993,3154,1359,1480,0,0,8,5
1879910465,1,3,3000,3000,600,600,2996,2731,205,60,0,0,1.78333,5
1879910465,1,3,3000,1000,600,600,1000,980,17,3,0,0,0.133333,5
1879910465,1,3,3000,2000,600,600,2000,1888,99,13,0,0,0.616667,5
1879910465,1,3,3000,4000,600,600,3999,3485,395,119,0,0,3.18333,5
1879910465,1,3,3000,5000,600,600,4999,4172,600,227,0,0,5.2,5
1879910465,1,3,3000,6000,600,600,5997,4804,838,355,0,0,7.4,5
1879910465,1,4,3000,3000,600,600,2998,2631,359,8,0,0,1.41667,5
1879910465,1,4,3000,1000,600,600,1000,957,43,0,0,0,0.0833333,5
1879910465,1,4,3000,2000,600,600,2000,1808,191,1,0,0,0.55,5
1879910465,1,4,3000,4000,600,600,4000,3374,612,14,0,0,2.85,5
1879910465,1,4,3000,5000,600,600,5000,4044,928,28,0,0,4.86667,5
1879910465,1,4,3000,6000,600,600,5998,4681,1275,42,0,0,7.41667,5
1879910465,1,5,3000,3000,600,600,2996,2726,208,62,0,0,1.41667,5
1879910465,1,5,3000,1000,600,600,1000,979,18,3,0,0,0.0833333,5
1879910465,1,5,3000,2000,600,600,2000,1888,99,13,0,0,0.516667,5
1879910465,1,5,3000,4000,600,600,3999,3487,386,126,0,0,2.83333,5
1879910465,1,5,3000,5000,600,600,4999,4180,587,232,0,0,4.68333,5
1879910465,1,5,3000,6000,600,600,5997,4816,823,358,0,0,7.43333,5
1879910465,1,8,3000,3000,600,600,2994,230,1632,1132,0,0,1.4,5
1879910465,1,8,3000,1000,600,600,996,353,552,91,0,0,0.1,5
1879910465,1,8,3000,2000,600,600,1997,288,1202,507,0,0,0.583333,5
1879910465,1,8,3000,4000,600,600,3994,165,1945,1884,0,0,2.91667,5
1879910465,1,8,3000,5000,600,600,4996,141,2106,2749,0,0,5.08333,5
1879910465,1,8,3000,6000,600,600,5992,95,2257,3640,0,0,7.7,5
2310835576,1,1,3000,3000,600,600,3000,2583,412,5,0,0,1.48333,5
2310835576,1,1,3000,1000,600,600,1000,953,47,0,0,0,0.0833333,5
2310835576,1,1,3000,2000,600,600,2000,1809,188,3,0,0,0.583333,5
2310835576,1,1,3000,4000,600,600,4000,3359,631,10,0,0,2.88333,5
2310835576,1,1,3000,5000,600,600,5000,3987,990,23,0,0,4.86667,5
2310835576,1,1,3000,6000,600,600,6000,4535,1430,35,0,0,7.31667,5
2310835576,1,2,3000,3000,600,600,2998,2183,533,282,0,0,1.48333,5
2310835576,1,2,3000,1000,600,600,1000,929,65,6,0,0,0.0833333,5
2310835576,1,2,3000,2000,600,600,1998,1661,244,93,0,0,0.55,5
2310835576,1,2,3000,4000,600,600,3998,2651,803,544,0,0,2.9,5
2310835576,1,2,3000,5000,600,600,4994,3023,1017,954,0,0,4.81667,5
2310835576,1,2,3000,6000,600,600,5995,3224,1294,1477,0,0,7.2,5
2310835576,1,3,3000,3000,600,600,3000,2666,279,55,0,0,1.43333,5
2310835576,1,3,3000,1000,600,600,1000,975,25,0,0,0,0.0833333,5
2310835576,1,3,3000,2000,600,600,2000,1890,98,12,0,0,0.583333,5
2310835576,1,3,3000,4000,600,600,4000,3496,408,96,0,0,2.83333,5
2310835576,1,3,3000,5000,600,600,4998,4203,598,197,0,0,4.78333,5
2310835576,1,3,3000,6000,600,600,5997,4840,795,362,0,0,7.51667,5
2310835576,1,4,3000,3000,600,600,3000,2632,363,5,0,0,1.45,5
2310835576,1,4,3000,1000,600,600,1000,957,43,0,0,0,0.0833333,5
2310835576,1,4,3000,2000,600,600,2000,1821,176,3,0,0,0.533333,5
2310835576,1,4,3000,4000,600,600,4000,3417,572,11,0,0,2.83333,5
2310835576,1,4,3000,5000,600,600,5000,4069,907,24,0,0,4.83333,5
2310835576,1,4,3000,6000,600,600,6000,4671,1290,39,0,0,7.28333,5
2310835576,1,5,3000,3000,600,600,3000,2673,271,56,0,0,1.48333,5
2310835576,1,5,3000,1000,600,600,1000,974,26,0,0,0,0.0833333,5
2310835576,1,5,3000,2000,600,600,2000,1893,95,12,0,0,0.533333,5
2310835576,1,5,3000,4000,600,600,4000,3488,413,99,0,0,2.88333,5
2310835576,1,5,3000,5000,600,600,4998,4212,587,199,0,0,4.78333,5
2310835576,1,5,3000,6000,600,600,5997,4855,775,367,0,0,7.05,5
2310835576,1,8,3000,3000,600,600,2998,212,1635,1151,0,0,1.46667,5
2310835576,1,8,3000,1000,600,600,997,367,538,92,0,0,0.1,5
2310835576,1,8,3000,2000,600,600,1997,286,1240,471,0,0,0.533333,5
2310835576,1,8,3000,4000,600,600,3993,159,1950,1884,0,0,2.96667,5
2310835576,1,8,3000,5000,600,600,4992,151,2122,2719,0,0,4.93333,5
2310835576,1,8,3000,6000,600,600,5992,108,2255,3629,0,0,7.61667,5
1130402949,1,1,3000,3000,600,600,2999,2577,417,5,0,0,1.45,5
1130402949,1,1,3000,1000,600,600,1000,944,55,1,0,0,0.0833333,5
1130402949,1,1,3000,2000,600,600,2000,1820,180,0,0,0,0.533333,5
1130402949,1,1,3000,4000,600,600,3999,3317,668,14,0,0,2.88333,5
1130402949,1,1,3000,5000,600,600,4999,3970,1007,22,0,0,4.73333,5
1130402949,1,1,3000,6000,600,600,5999,4519,1441,39,0,0,7.28333,5
1130402949,1,2,3000,3000,600,600,2998,2229,497,272,0,0,1.46667,5
1130402949,1,2,3000,1000,600,600,1000,925,65,10,0,0,0.1,5
1130402949,1,2,3000,2000,600,600,1999,1664,240,95,0,0,0.516667,5
1130402949,1,2,3000,4000,600,600,3998,2658,781,559,0,0,2.91667,5
1130402949,1,2,3000,5000,600,600,4995,2926,1077,992,0,0,4.78333,5
1130402949,1,2,3000,6000,600,600,5995,3256,1271,1468,0,0,6.93333,5
1130402949,1,3,3000,3000,600,600,2999,2690,260,49,0,0,1.46667,5
1130402949,1,3,3000,1000,600,600,1000,974,23,3,0,0,0.1,5
1130402949,1,3,3000,2000,600,600,1999,1883,99,17,0,0,0.516667,5
1130402949,1,3,3000,4000,600,600,3998,3456,415,127,0,0,2.85,5
1130402949,1,3,3000,5000,600,600,4996,4202,557,237,0,0,4.76667,5
1130402949,1,3,3000,6000,600,600,5997,4805,820,372,0,0,7.46667,5
1130402949,1,4,3000,3000,600,600,2999,2605,387,7,0,0,1.43333,5
1130402949,1,4,3000,1000,600,600,1000,947,52,1,0,0,0.0833333,5
1130402949,1,4,3000,2000,600,600,2000,1834,165,1,0,0,0.533333,5
1130402949,1,4,3000,4000,600,600,3999,3367,618,14,0,0,2.91667,5
1130402949,1,4,3000,5000,600,600,4999,4046,928,25,0,0,4.83333,5
1130402949,1,4,3000,6000,600,600,5999,4623,1335,41,0,0,7.4,5
1130402949,1,5,3000,3000,600,600,2999,2697,253,49,0,0,1.41667,5
1130402949,1,5,3000,1000,600,600,1000,978,19,3,0,0,0.0833333,5
1130402949,1,5,3000,2000,600,600,1999,1885,97,17,0,0,0.5,5
1130402949,1,5,3000,4000,600,600,3998,3465,406,127,0,0,2.93333,5
1130402949,1,5,3000,5000,600,600,4995,4193,561,241,0,0,4.93333,5
1130402949,1,5,3000,6000,600,600,5997,4819,796,382,0,0,6.81667,5
1130402949,1,8,3000,3000,600,600,2996,237,1640,1119,0,0,1.45,5
1130402949,1,8,3000,1000,600,600,1000,341,571,88,0,0,0.0833333,5
1130402949,1,8,3000,2000,600,600,1995,309,1198,488,0,0,0.516667,5
1130402949,1,8,3000,4000,600,600,3995,168,1955,1872,0,0,3,5
1130402949,1,8,3000,5000,600,600,4992,158,2091,2743,0,0,5.01667,5
1130402949,1,8,3000,6000,600,600,5995,117,2242,3636,0,0,7.6,5
1376787389,1,1,3000,3000,600,600,2999,2599,393,7,0,0,1.45,5
1376787389,1,1,3000,1000,600,600,1000,945,55,0,0,0,0.0833333,5
1376787389,1,1,3000,2000,600,600,2000,1818,180,2,0,0,0.55,5
1376787389,1,1,3000,4000,600,600,3999,3350,637,12,0,0,2.86667,5
1376787389,1,1,3000,5000,600,600,5000,3926,1053,21,0,0,4.76667,5
1376787389,1,1,3000,6000,600,600,6000,4516,1432,52,0,0,7.45,5
1376787389,1,2,3000,3000,600,600,2997,2238,498,261,0,0,1.45,5
1376787389,1,2,3000,1000,600,600,1000,915,75,10,0,0,0.0833333,5
1376787389,1,2,3000,2000,600,600,2000,1640,260,100,0,0,0.533333,5
1376787389,1,2,3000,4000,600,600,3994,2652,723,619,0,0,2.85,5
1376787389,1,2,3000,5000,600,600,4997,2968,1060,969,0,0,4.73333,5
1376787389,1,2,3000,6000,600,600,5994,3199,1316,1479,0,0,7.48333,5
1376787389,1,3,3000,3000,600,600,2998,2727,221,50,0,0,1.4,5
1376787389,1,3,3000,1000,600,600,1000,967,32,1,0,0,0.0833333,5
1376787389,1,3,3000,2000,600,600,2000,1875,102,23,0,0,0.5,5
1376787389,1,3,3000,4000,600,600,3996,3494,387,115,0,0,2.91667,5
1376787389,1,3,3000,5000,600,600,4999,4144,604,251,0,0,4.81667,5
1376787389,1,3,3000,6000,600,600,5999,4748,852,399,0,0,7.46667,5
1376787389,1,4,3000,3000,600,600,2999,2640,352,7,0,0,1.48333,5
1376787389,1,4,3000,1000,600,600,1000,958,42,0,0,0,0.0833333,5
1376787389,1,4,3000,2000,600,600,2000,1845,153,2,0,0,0.533333,5
1376787389,1,4,3000,4000,600,600,3999,3409,577,13,0,0,2.85,5
1376787389,1,4,3000,5000,600,600,5000,4018,956,26,0,0,4.78333,5
1376787389,1,4,3000,6000,600,600,6000,4614,1331,55,0,0,7.28333,5
1376787389,1,5,3000,3000,600,600,2998,2728,220,50,0,0,1.41667,5
1376787389,1,5,3000,1000,600,600,1000,962,37,1,0,0,0.0833333,5
1376787389,1,5,3000,2000,600,600,2000,1878,98,24,0,0,0.516667,5
1376787389,1,5,3000,4000,600,600,3996,3500,379,117,0,0,2.95,5
1376787389,1,5,3000,5000,600,600,4998,4139,603,256,0,0,4.48333,5
1376787389,1,5,3000,6000,600,600,5999,4748,848,403,0,0,7.58333,5
1376787389,1,8,3000,3000,600,600,2994,228,1643,1123,0,0,1.41667,5
1376787389,1,8,3000,1000,600,600,999,361,543,95,0,0,0.0833333,5
1376787389,1,8,3000,2000,600,600,1999,312,1210,477,0,0,0.5,5
1376787389,1,8,3000,4000,600,600,3992,165,1928,1899,0,0,2.98333,5
1376787389,1,8,3000,5000,600,600,4993,145,2094,2754,0,0,5.03333,5
1376787389,1,8,3000,6000,600,600,5992,113,2260,3619,0,0,7.61667,5
2084473864,1,1,3000,3000,600,600,2999,2602,395,2,0,0,1.6,5
2084473864,1,1,3000,1000,600,600,1000,959,41,0,0,0,0.1,5
2084473864,1,1,3000,2000,600,600,2000,1834,164,2,0,0,0.55,5
2084473864,1,1,3000,4000,600,600,4000,3296,683,21,0,0,2.83333,5
2084473864,1,1,3000,5000,600,600,5000,3931,1038,31,0,0,4.9,5
2084473864,1,1,3000,6000,600,600,5999,4557,1400,42,0,0,7.5,5
2084473864,1,2,3000,3000,600,600,2998,2279,449,270,0,0,1.48333,5
2084473864,1,2,3000,1000,600,600,999,933,60,6,0,0,0.0833333,5
2084473864,1,2,3000,2000,600,600,1999,1642,255,102,0,0,0.516667,5
2084473864,1,2,3000,4000,600,600,3995,2676,738,581,0,0,2.76667,5
2084473864,1,2,3000,5000,600,600,4998,2951,1042,1005,0,0,4.98333,5
2084473864,1,2,3000,6000,600,600,5998,3224,1323,1451,0,0,7.36667,5
2084473864,1,3,3000,3000,600,600,2999,2725,221,53,0,0,1.43333,5
2084473864,1,3,3000,1000,600,600,1000,980,20,0,0,0,0.0833333,5
2084473864,1,3,3000,2000,600,600,2000,1864,111,25,0,0,0.516667,5
2084473864,1,3,3000,4000,600,600,3997,3462,396,139,0,0,2.86667,5
2084473864,1,3,3000,5000,600,600,5000,4147,595,258,0,0,5,5
2084473864,1,3,3000,6000,600,600,5998,4811,792,395,0,0,7.38333,5
2084473864,1,4,3000,3000,600,600,2999,2650,346,3,0,0,1.46667,5
2084473864,1,4,3000,1000,600,600,1000,963,37,0,0,0,0.0833333,5
2084473864,1,4,3000,2000,600,600,2000,1840,157,3,0,0,0.516667,5
2084473864,1,4,3000,4000,600,600,4000,3360,618,22,0,0,2.9,5
2084473864,1,4,3000,5000,600,600,5000,4026,940,34,0,0,4.78333,5
2084473864,1,4,3000,6000,600,600,5999,4678,1275,46,0,0,7.3,5
2084473864,1,5,3000,3000,600,600,2999,2727,217,55,0,0,1.43333,5
2084473864,1,5,3000,1000,600,600,1000,979,21,0,0,0,0.0833333,5
2084473864,1,5,3000,2000,600,600,2000,1864,111,25,0,0,0.516667,5
2084473864,1,5,3000,4000,600,600,3997,3464,392,141,0,0,2.9,5
2084473864,1,5,3000,5000,600,600,5000,4147,591,262,0,0,4.81667,5
2084473864,1,5,3000,6000,600,600,5998,4823,776,399,0,0,7.46667,5
2084473864,1,8,3000,3000,600,600,2995,244,1625,1126,0,0,1.46667,5
2084473864,1,8,3000,1000,600,600,998,356,565,77,0,0,0.0833333,5
2084473864,1,8,3000,2000,600,600,1997,290,1236,471,0,0,0.55,5
2084473864,1,8,3000,4000,600,600,3994,162,1922,1910,0,0,3.15,5
2084473864,1,8,3000,5000,600,600,4996,122,2152,2722,0,0,5,5
2084473864,1,8,3000,6000,600,600,5996,117,2256,3623,0,0,7.61667,5
3433454701,1,1,3000,3000,600,600,3000,2596,402,2,0,0,1.43333,5
3433454701,1,1,3000,1000,600,600,1000,947,53,0,0,0,0.0833333,5
3433454701,1,1,3000,2000,600,600,2000,1800,198,2,0,0,0.533333,5
3433454701,1,1,3000,4000,600,600,4000,3342,645,13,0,0,3.01667,5
3433454701,1,1,3000,5000,600,600,4999,3953,1023,23,0,0,4.83333,5
3433454701,1,1,3000,6000,600,600,6000,4606,1363,31,0,0,7.35,5
3433454701,1,2,3000,3000,600,600,2997,2257,466,274,0,0,1.5,5
3433454701,1,2,3000,1000,600,600,1000,934,57,9,0,0,0.0833333,5
3433454701,1,2,3000,2000,600,600,1997,1660,251,86,0,0,0.516667,5
3433454701,1,2,3000,4000,600,600,3998,2694,756,548,0,0,2.96667,5
3433454701,1,2,3000,5000,600,600,4998,2938,1088,972,0,0,4.93333,5
3433454701,1,2,3000,6000,600,600,5995,3236,1339,1420,0,0,7.38333,5
3433454701,1,3,3000,3000,600,600,2999,2711,230,58,0,0,1.48333,5
3433454701,1,3,3000,1000,600,600,1000,964,34,2,0,0,0.0833333,5
3433454701,1,3,3000,2000,600,600,1998,1826,151,21,0,0,0.5,5
3433454701,1,3,3000,4000,600,600,3999,3514,372,113,0,0,2.98333,5
3433454701,1,3,3000,5000,600,600,4999,4169,602,228,0,0,4.91667,5
3433454701,1,3,3000,6000,600,600,5997,4877,789,331,0,0,7.43333,5
3433454701,1,4,3000,3000,600,600,3000,2627,371,2,0,0,1.43333,5
3433454701,1,4,3000,1000,600,600,1000,957,43,0,0,0,0.0833333,5
3433454701,1,4,3000,2000,600,600,2000,1814,184,2,0,0,0.55,5
3433454701,1,4,3000,4000,600,600,4000,3427,559,14,0,0,2.86667,5
3433454701,1,4,3000,5000,600,600,4999,4043,931,25,0,0,4.86667,5
3433454701,1,4,3000,6000,600,600,6000,4736,1230,34,0,0,7.01667,5
3433454701,1,5,3000,3000,600,600,2999,2725,215,59,0,0,1.46667,5
3433454701,1,5,3000,1000,600,600,1000,965,33,2,0,0,0.0833333,5
3433454701,1,5,3000,2000,600,600,1998,1829,148,21,0,0,0.516667,5
3433454701,1,5,3000,4000,600,600,3999,3507,377,115,0,0,2.88333,5
3433454701,1,5,3000,5000,600,600,4999,4177,590,232,0,0,4.85,5
3433454701,1,5,3000,6000,600,600,5997,4884,771,342,0,0,7.41667,5
3433454701,1,8,3000,3000,600,600,2998,232,1650,1116,0,0,1.48333,5
3433454701,1,8,3000,1000,600,600,999,368,547,84,0,0,0.0833333,5
3433454701,1,8,3000,2000,600,600,1995,305,1191,499,0,0,0.5,5
3433454701,1,8,3000,4000,600,600,3995,178,1935,1882,0,0,2.98333,5
3433454701,1,8,3000,5000,600,600,4992,133,2126,2733,0,0,5,5
3433454701,1,8,3000,6000,600,600,5992,128,2245,3619,0,0,7.83333,5
4246280487,1,1,3000,3000,600,600,3000,2595,396,9,0,0,1.43333,5
4246280487,1,1,3000,1000,600,600,1000,956,44,0,0,0,0.0833333,5
4246280487,1,1,3000,2000,600,600,2000,1804,195,1,0,0,0.516667,5
4246280487,1,1,3000,4000,600,600,4000,3307,686,7,0,0,2.91667,5
4246280487,1,1,3000,5000,600,600,5000,3976,996,28,0,0,4.85,5
4246280487,1,1,3000,6000,600,600,6000,4510,1440,50,0,0,6.8,5
4246280487,1,2,3000,3000,600,600,3000,2203,502,295,0,0,1.43333,5
4246280487,1,2,3000,1000,600,600,1000,929,55,16,0,0,0.0833333,5
4246280487,1,2,3000,2000,600,600,1995,1649,266,80,0,0,0.516667,5
4246280487,1,2,3000,4000,600,600,3999,2645,785,569,0,0,2.9,5
4246280487,1,2,3000,5000,600,600,4992,2948,1057,987,0,0,4.96667,5
4246280487,1,2,3000,6000,600,600,5997,3189,1315,1493,0,0,7.78333,5
4246280487,1,3,3000,3000,600,600,3000,2709,239,52,0,0,1.55,5
4246280487,1,3,3000,1000,600,600,1000,967,30,3,0,0,0.1,5
4246280487,1,3,3000,2000,600,600,1999,1884,102,13,0,0,0.516667,5
4246280487,1,3,3000,4000,600,600,3999,3483,387,129,0,0,2.95,5
4246280487,1,3,3000,5000,600,600,4999,4144,632,223,0,0,4.9,5
4246280487,1,3,3000,6000,600,600,5999,4776,836,387,0,0,7.38333,5
4246280487,1,4,3000,3000,600,600,3000,2636,355,9,0,0,1.48333,5
4246280487,1,4,3000,1000,600,600,1000,960,40,0,0,0,0.0833333,5
4246280487,1,4,3000,2000,600,600,2000,1824,175,1,0,0,0.5,5
4246280487,1,4,3000,4000,600,600,4000,3364,627,9,0,0,2.95,5
4246280487,1,4,3000,5000,600,600,5000,4054,916,30,0,0,4.73333,5
4246280487,1,4,3000,6000,600,600,6000,4613,1333,54,0,0,7.38333,5
4246280487,1,5,3000,3000,600,600,3000,2704,244,52,0,0,1.46667,5
4246280487,1,5,3000,1000,600,600,1000,971,26,3,0,0,0.0833333,5
4246280487,1,5,3000,2000,600,600,1999,1882,104,13,0,0,0.5,5
4246280487,1,5,3000,4000,600,600,3999,3480,387,132,0,0,2.9,5
4246280487,1,5,3000,5000,600,600,4999,4153,621,225,0,0,4.9,5
4246280487,1,5,3000,6000,600,600,5999,4799,812,388,0,0,7.38333,5
4246280487,1,8,3000,3000,600,600,2993,249,1611,1133,0,0,1.46667,5
4246280487,1,8,3000,1000,600,600,999,386,541,72,0,0,0.0833333,5
4246280487,1,8,3000,2000,600,600,1995,323,1195,477,0,0,0.516667,5
4246280487,1,8,3000,4000,600,600,3994,192,1880,1922,0,0,3.01667,5
4246280487,1,8,3000,5000,600,600,4993,137,2123,2733,0,0,5.11667,5
4246280487,1,8,3000,6000,600,600,5994,131,2246,3617,0,0,7.58333,5
2206575404,1,1,3000,3000,600,600,3000,2598,398,4,0,0,1.45,5
2206575404,1,1,3000,1000,600,600,1000,951,49,0,0,0,0.0833333,5
2206575404,1,1,3000,2000,600,600,2000,1813,186,1,0,0,0.516667,5
2206575404,1,1,3000,4000,600,600,4000,3346,641,13,0,0,2.85,5
2206575404,1,1,3000,5000,600,600,5000,3975,998,27,0,0,4.5,5
2206575404,1,1,3000,6000,600,600,6000,4503,1461,36,0,0,7.3,5
2206575404,1,2,3000,3000,600,600,2999,2140,528,331,0,0,1.5,5
2206575404,1,2,3000,1000,600,600,999,926,63,10,0,0,0.0833333,5
2206575404,1,2,3000,2000,600,600,1999,1657,254,88,0,0,0.516667,5
2206575404,1,2,3000,4000,600,600,3996,2657,771,568,0,0,2.98333,5
2206575404,1,2,3000,5000,600,600,4996,3009,1009,978,0,0,4.85,5
2206575404,1,2,3000,6000,600,600,5997,3242,1252,1503,0,0,7.38333,5
2206575404,1,3,3000,3000,600,600,3000,2673,257,70,0,0,1.46667,5
2206575404,1,3,3000,1000,600,600,999,961,38,0,0,0,0.0833333,5
2206575404,1,3,3000,2000,600,600,2000,1884,104,12,0,0,0.533333,5
2206575404,1,3,3000,4000,600,600,3996,3498,388,110,0,0,2.88333,5
2206575404,1,3,3000,5000,600,600,4998,4132,627,239,0,0,4.85,5
2206575404,1,3,3000,6000,600,600,5999,4781,839,379,0,0,7.43333,5
2206575404,1,4,3000,3000,600,600,3000,2630,366,4,0,0,1.46667,5
2206575404,1,4,3000,1000,600,600,1000,955,45,0,0,0,0.0833333,5
2206575404,1,4,3000,2000,600,600,2000,1834,165,1,0,0,0.516667,5
2206575404,1,4,3000,4000,600,600,4000,3395,592,13,0,0,2.76667,5
2206575404,1,4,3000,5000,600,600,5000,4069,900,31,0,0,4.86667,5
2206575404,1,4,3000,6000,600,600,6000,4613,1348,39,0,0,7.51667,5
2206575404,1,5,3000,3000,600,600,3000,2684,245,71,0,0,1.5,5
2206575404,1,5,3000,1000,600,600,999,962,37,0,0,0,0.0833333,5
2206575404,1,5,3000,2000,600,600,2000,1881,105,14,0,0,0.516667,5
2206575404,1,5,3000,4000,600,600,3996,3497,387,112,0,0,3.01667,5
2206575404,1,5,3000,5000,600,600,4998,4136,619,243,0,0,4.81667,5
2206575404,1,5,3000,6000,600,600,5999,4798,814,387,0,0,7.43333,5
2206575404,1,8,3000,3000,600,600,2999,255,1616,1128,0,0,1.5,5
2206575404,1,8,3000,1000,600,600,997,380,534,83,0,0,0.0833333,5
2206575404,1,8,3000,2000,600,600,1998,294,1200,504,0,0,0.533333,5
2206575404,1,8,3000,4000,600,600,3996,187,1931,1878,0,0,2.96667,5
2206575404,1,8,3000,5000,600,600,4994,139,2139,2716,0,0,5.21667,5
2206575404,1,8,3000,6000,600,600,5993,148,2215,3630,0,0,7.76667,5
2135148190,1,1,3000,3000,600,600,3000,2571,425,4,0,0,1.38333,5
2135148190,1,1,3000,1000,600,600,999,953,46,0,0,0,0.0833333,5
2135148190,1,1,3000,2000,600,600,2000,1819,180,1,0,0,0.516667,5
2135148190,1,1,3000,4000,600,600,3999,3319,674,6,0,0,2.95,5
2135148190,1,1,3000,5000,600,600,5000,4011,968,21,0,0,5.01667,5
2135148190,1,1,3000,6000,600,600,5998,4504,1451,43,0,0,7.41667,5
2135148190,1,2,3000,3000,600,600,2998,2241,486,271,0,0,1.46667,5
2135148190,1,2,3000,1000,600,600,999,921,63,15,0,0,0.0833333,5
2135148190,1,2,3000,2000,600,600,1997,1653,260,84,0,0,0.533333,5
2135148190,1,2,3000,4000,600,600,3997,2699,763,535,0,0,2.96667,5
2135148190,1,2,3000,5000,600,600,5000,3046,1021,933,0,0,4.95,5
2135148190,1,2,3000,6000,600,600,5994,3207,1299,1488,0,0,7.55,5
2135148190,1,3,3000,3000,600,600,3000,2691,261,48,0,0,1.45,5
2135148190,1,3,3000,1000,600,600,999,961,37,1,0,0,0.0833333,5
2135148190,1,3,3000,2000,600,600,1999,1873,105,21,0,0,0.55,5
2135148190,1,3,3000,4000,600,600,3998,3498,398,102,0,0,2.96667,5
2135148190,1,3,3000,5000,600,600,5000,4209,572,219,0,0,4.85,5
2135148190,1,3,3000,6000,600,600,5995,4766,853,376,0,0,7.23333,5
2135148190,1,4,3000,3000,600,600,3000,2608,387,5,0,0,1.55,5
2135148190,1,4,3000,1000,600,600,999,959,40,0,0,0,0.0833333,5
2135148190,1,4,3000,2000,600,600,2000,1837,162,1,0,0,0.533333,5
2135148190,1,4,3000,4000,600,600,3999,3363,628,8,0,0,2.95,5
2135148190,1,4,3000,5000,600,600,5000,4094,884,22,0,0,4.96667,5
2135148190,1,4,3000,6000,600,600,5998,4631,1318,49,0,0,7.56667,5
2135148190,1,5,3000,3000,600,600,3000,2710,241,49,0,0,1.46667,5
2135148190,1,5,3000,1000,600,600,999,960,38,1,0,0,0.0833333,5
2135148190,1,5,3000,2000,600,600,1999,1877,100,22,0,0,0.516667,5
2135148190,1,5,3000,4000,600,600,3998,3504,392,102,0,0,2.91667,5
2135148190,1,5,3000,5000,600,600,5000,4204,574,222,0,0,4.83333,5
2135148190,1,5,3000,6000,600,600,5995,4755,856,384,0,0,7.41667,5
2135148190,1,8,3000,3000,600,600,2997,229,1642,1126,0,0,1.46667,5
2135148190,1,8,3000,1000,600,600,998,348,556,94,0,0,0.0833333,5
2135148190,1,8,3000,2000,600,600,1998,307,1231,460,0,0,0.533333,5
2135148190,1,8,3000,4000,600,600,3995,171,1970,1854,0,0,2.91667,5
2135148190,1,8,3000,5000,600,600,4998,145,2120,2733,0,0,5.13333,5
2135148190,1,8,3000,6000,600,600,5993,115,2238,3640,0,0,7.28333,5
2399044908,1,1,3000,3000,600,600,3000,2603,389,8,0,0,1.46667,5
2399044908,1,1,3000,1000,600,600,1000,950,50,0,0,0,0.1,5
2399044908,1,1,3000,2000,600,600,2000,1824,176,0,0,0,0.566667,5
2399044908,1,1,3000,4000,600,600,4000,3339,645,16,0,0,2.95,5
2399044908,1,1,3000,5000,600,600,5000,3932,1038,30,0,0,5,5
2399044908,1,1,3000,6000,600,600,5999,4501,1443,55,0,0,7.65,5
2399044908,1,2,3000,3000,600,600,2998,2217,483,298,0,0,1.41667,5
2399044908,1,2,3000,1000,600,600,1000,915,68,17,0,0,0.0833333,5
2399044908,1,2,3000,2000,600,600,2000,1651,254,95,0,0,0.5,5
2399044908,1,2,3000,4000,600,600,3993,2655,731,607,0,0,2.96667,5
2399044908,1,2,3000,5000,600,600,4996,2985,1033,978,0,0,4.9,5
2399044908,1,2,3000,6000,600,600,5995,3171,1315,1509,0,0,7.56667,5
2399044908,1,3,3000,3000,600,600,2998,2687,254,57,0,0,1.43333,5
2399044908,1,3,3000,1000,600,600,1000,965,31,4,0,0,0.0833333,5
2399044908,1,3,3000,2000,600,600,2000,1883,101,16,0,0,0.533333,5
2399044908,1,3,3000,4000,600,600,4000,3506,359,135,0,0,2.9,5
2399044908,1,3,3000,5000,600,600,4998,4129,626,243,0,0,4.78333,5
2399044908,1,3,3000,6000,600,600,5997,4748,850,399,0,0,7.41667,5
2399044908,1,4,3000,3000,600,600,3000,2637,355,8,0,0,1.46667,5
2399044908,1,4,3000,1000,600,600,1000,959,41,0,0,0,0.1,5
2399044908,1,4,3000,2000,600,600,2000,1843,157,0,0,0,0.533333,5
2399044908,1,4,3000,4000,600,600,4000,3398,585,17,0,0,2.86667,5
2399044908,1,4,3000,5000,600,600,5000,4010,959,31,0,0,4.85,5
2399044908,1,4,3000,6000,600,600,5999,4627,1315,57,0,0,7.58333,5
2399044908,1,5,3000,3000,600,600,2998,2703,238,57,0,0,1.48333,5
2399044908,1,5,3000,1000,600,600,1000,966,30,4,0,0,0.0833333,5
2399044908,1,5,3000,2000,600,600,2000,1876,106,18,0,0,0.5,5
2399044908,1,5,3000,4000,600,600,4000,3507,353,140,0,0,3,5
2399044908,1,5,3000,5000,600,600,4998,4149,603,246,0,0,4.88333,5
2399044908,1,5,3000,6000,600,600,5997,4763,830,404,0,0,7.43333,5
2399044908,1,8,3000,3000,600,600,2993,215,1653,1125,0,0,1.43333,5
2399044908,1,8,3000,1000,600,600,999,349,558,92,0,0,0.0833333,5
2399044908,1,8,3000,2000,600,600,1997,289,1221,487,0,0,0.533333,5
2399044908,1,8,3000,4000,600,600,3995,167,1933,1895,0,0,2.98333,5
2399044908,1,8,3000,5000,600,600,4996,154,2097,2745,0,0,4.71667,5
2399044908,1,8,3000,6000,600,600,5995,120,2269,3606,0,0,7.76667,5
1547965790,1,1,3000,3000,600,600,3000,2627,371,2,0,0,1.5,5
1547965790,1,1,3000,1000,600,600,1000,956,44,0,0,0,0.1,5
1547965790,1,1,3000,2000,600,600,2000,1796,203,1,0,0,0.533333,5
1547965790,1,1,3000,4000,600,600,4000,3301,685,14,0,0,2.91667,5
1547965790,1,1,3000,5000,600,600,5000,3961,1015,24,0,0,4.98333,5
1547965790,1,1,3000,6000,600,600,6000,4610,1349,41,0,0,7.36667,5
1547965790,1,2,3000,3000,600,600,2997,2249,478,270,0,0,1.55,5
1547965790,1,2,3000,1000,600,600,999,909,76,14,0,0,0.0833333,5
1547965790,1,2,3000,2000,600,600,2000,1641,266,93,0,0,0.55,5
1547965790,1,2,3000,4000,600,600,3998,2678,761,559,0,0,3.03333,5
1547965790,1,2,3000,5000,600,600,4999,2954,1051,994,0,0,5.16667,5
1547965790,1,2,3000,6000,600,600,5994,3215,1282,1497,0,0,7.43333,5
1547965790,1,3,3000,3000,600,600,2999,2723,227,49,0,0,1.53333,5
1547965790,1,3,3000,1000,600,600,1000,968,31,1,0,0,0.1,5
1547965790,1,3,3000,2000,600,600,2000,1859,128,13,0,0,0.55,5
1547965790,1,3,3000,4000,600,600,3999,3477,401,121,0,0,2.78333,5
1547965790,1,3,3000,5000,600,600,5000,4191,585,224,0,0,4.85,5
1547965790,1,3,3000,6000,600,600,5998,4799,830,369,0,0,7.41667,5
1547965790,1,4,3000,3000,600,600,3000,2654,342,4,0,0,1.48333,5
1547965790,1,4,3000,1000,600,600,1000,961,39,0,0,0,0.0833333,5
1547965790,1,4,3000,2000,600,600,2000,1807,192,1,0,0,0.566667,5
1547965790,1,4,3000,4000,600,600,4000,3360,626,14,0,0,2.91667,5
1547965790,1,4,3000,5000,600,600,5000,4046,929,25,0,0,4.95,5
1547965790,1,4,3000,6000,600,600,6000,4725,1231,44,0,0,7.61667,5
1547965790,1,5,3000,3000,600,600,2999,2720,230,49,0,0,1.5,5
1547965790,1,5,3000,1000,600,600,1000,967,32,1,0,0,0.0833333,5
1547965790,1,5,3000,2000,600,600,2000,1860,126,14,0,0,0.516667,5
1547965790,1,5,3000,4000,600,600,3999,3487,389,123,0,0,2.91667,5
1547965790,1,5,3000,5000,600,600,5000,4193,579,228,0,0,4.91667,5
1547965790,1,5,3000,6000,600,600,5998,4808,815,375,0,0,7.58333,5
1547965790,1,8,3000,3000,600,600,2993,225,1657,1111,0,0,1.41667,5
1547965790,1,8,3000,1000,600,600,997,363,532,102,0,0,0.1,5
1547965790,1,8,3000,2000,600,600,1998,297,1208,493,0,0,0.583333,5
1547965790,1,8,3000,4000,600,600,3997,169,1929,1899,0,0,3.06667,5
1547965790,1,8,3000,5000,600,600,4993,115,2117,2761,0,0,5.13333,5
1547965790,1,8,3000,6000,600,600,5992,103,2255,3634,0,0,7.75,5
3355317147,1,1,3000,3000,600,600,2999,2602,396,1,0,0,1.5,5
3355317147,1,1,3000,1000,600,600,1000,960,40,0,0,0,0.1,5
3355317147,1,1,3000,2000,600,600,1999,1809,188,2,0,0,0.6,5
3355317147,1,1,3000,4000,600,600,3999,3312,677,10,0,0,2.9,5
3355317147,1,1,3000,5000,600,600,5000,3954,1030,16,0,0,4.91667,5
3355317147,1,1,3000,6000,600,600,5998,4523,1440,35,0,0,7.51667,5
3355317147,1,2,3000,3000,600,600,2998,2239,468,291,0,0,1.46667,5
3355317147,1,2,3000,1000,600,600,1000,932,60,8,0,0,0.0833333,5
3355317147,1,2,3000,2000,600,600,1996,1678,232,86,0,0,0.516667,5
3355317147,1,2,3000,4000,600,600,3996,2661,776,559,0,0,2.9,5
3355317147,1,2,3000,5000,600,600,4996,2973,1049,974,0,0,4.96667,5
3355317147,1,2,3000,6000,600,600,5994,3134,1305,1555,0,0,7.23333,5
3355317147,1,3,3000,3000,600,600,2999,2712,232,55,0,0,1.43333,5
3355317147,1,3,3000,1000,600,600,1000,978,21,1,0,0,0.0833333,5
3355317147,1,3,3000,2000,600,600,1998,1861,121,16,0,0,0.516667,5
3355317147,1,3,3000,4000,600,600,3998,3493,375,130,0,0,2.86667,5
3355317147,1,3,3000,5000,600,600,4999,4137,620,242,0,0,4.86667,5
3355317147,1,3,3000,6000,600,600,5997,4802,819,376,0,0,7.61667,5
3355317147,1,4,3000,3000,600,600,2999,2620,378,1,0,0,1.48333,5
3355317147,1,4,3000,1000,600,600,1000,965,35,0,0,0,0.1,5
3355317147,1,4,3000,2000,600,600,1999,1817,180,2,0,0,0.533333,5
3355317147,1,4,3000,4000,600,600,3999,3374,613,12,0,0,2.9,5
3355317147,1,4,3000,5000,600,600,5000,4038,943,19,0,0,4.81667,5
3355317147,1,4,3000,6000,600,600,5998,4650,1309,39,0,0,7.46667,5
3355317147,1,5,3000,3000,600,600,2999,2719,225,55,0,0,1.46667,5
3355317147,1,5,3000,1000,600,600,1000,974,25,1,0,0,0.0833333,5
3355317147,1,5,3000,2000,600,600,1998,1862,120,16,0,0,0.566667,5
3355317147,1,5,3000,4000,600,600,3998,3496,371,131,0,0,2.95,5
3355317147,1,5,3000,5000,600,600,4999,4144,609,246,0,0,4.98333,5
3355317147,1,5,3000,6000,600,600,5997,4803,813,381,0,0,7.15,5
3355317147,1,8,3000,3000,600,600,2996,249,1632,1115,0,0,1.55,5
3355317147,1,8,3000,1000,600,600,998,391,523,84,0,0,0.0833333,5
3355317147,1,8,3000,2000,600,600,1992,305,1205,482,0,0,0.516667,5
3355317147,1,8,3000,4000,600,600,3993,163,1912,1918,0,0,2.98333,5
3355317147,1,8,3000,5000,600,600,4995,129,2145,2721,0,0,5.08333,5
3355317147,1,8,3000,6000,600,600,5992,122,2236,3634,0,0,7.7,5
698310488,1,1,3000,3000,600,600,2999,2630,367,2,0,0,1.5,5
698310488,1,1,3000,1000,600,600,999,945,54,0,0,0,0.0833333,5
698310488,1,1,3000,2000,600,600,2000,1811,189,0,0,0,0.533333,5
698310488,1,1,3000,4000,600,600,4000,3309,680,11,0,0,2.88333,5
698310488,1,1,3000,5000,600,600,4999,3971,998,30,0,0,5.03333,5
698310488,1,1,3000,6000,600,600,6000,4581,1386,33,0,0,7.56667,5
698310488,1,2,3000,3000,600,600,2998,2227,476,295,0,0,1.51667,5
698310488,1,2,3000,1000,600,600,999,888,96,15,0,0,0.0833333,5
698310488,1,2,3000,2000,600,600,2000,1682,227,91,0,0,0.55,5
698310488,1,2,3000,4000,600,600,3995,2702,737,556,0,0,2.95,5
698310488,1,2,3000,5000,600,600,4997,3029,986,982,0,0,4.81667,5
698310488,1,2,3000,6000,600,600,5995,3298,1271,1426,0,0,7.53333,5
698310488,1,3,3000,3000,600,600,2999,2721,219,59,0,0,1.45,5
698310488,1,3,3000,1000,600,600,999,967,32,0,0,0,0.0833333,5
698310488,1,3,3000,2000,600,600,2000,1884,105,11,0,0,0.516667,5
698310488,1,3,3000,4000,600,600,3995,3509,376,110,0,0,2.91667,5
698310488,1,3,3000,5000,600,600,4998,4197,580,221,0,0,5,5
698310488,1,3,3000,6000,600,600,5998,4880,784,334,0,0,7.46667,5
698310488,1,4,3000,3000,600,600,2999,2663,334,2,0,0,1.46667,5
698310488,1,4,3000,1000,600,600,999,952,47,0,0,0,0.1,5
698310488,1,4,3000,2000,600,600,2000,1819,181,0,0,0,0.516667,5
698310488,1,4,3000,4000,600,600,4000,3349,639,12,0,0,2.93333,5
698310488,1,4,3000,5000,600,600,4999,4061,907,31,0,0,4.95,5
698310488,1,4,3000,6000,600,600,6000,4694,1267,39,0,0,7.58333,5
698310488,1,5,3000,3000,600,600,2999,2726,212,61,0,0,1.5,5
698310488,1,5,3000,1000,600,600,999,968,31,0,0,0,0.1,5
698310488,1,5,3000,2000,600,600,2000,1882,107,11,0,0,0.516667,5
698310488,1,5,3000,4000,600,600,3995,3513,371,111,0,0,3.03333,5
698310488,1,5,3000,5000,600,600,4998,4207,569,222,0,0,4.66667,5
698310488,1,5,3000,6000,600,600,5998,4880,779,339,0,0,7.66667,5
698310488,1,8,3000,3000,600,600,2994,229,1636,1129,0,0,1.48333,5
698310488,1,8,3000,1000,600,600,997,349,563,85,0,0,0.0833333,5
698310488,1,8,3000,2000,600,600,1996,315,1217,464,0,0,0.516667,5
698310488,1,8,3000,4000,600,600,3994,178,1930,1886,0,0,3.05,5
698310488,1,8,3000,5000,600,600,4992,135,2135,2722,0,0,5.08333,5
698310488,1,8,3000,6000,600,600,5994,119,2261,3614,0,0,7.85,5