RunSeed,Seed,Algoritmo,Radius,nDevices,appPeriodSeconds,simulationTime,PHYTotal,PHYSuccessful,PHYInterfered,PHYNoMoreReceivers,PHYUnderSensitivity,PHYLostBecauseTX,SimulationDuration
3117968212,1,1,3000,3000,600,600,3000,2598,398,4,0,0,1.38333
3117968212,1,1,3000,1000,600,600,1000,957,42,1,0,0,0.0833333
3117968212,1,1,3000,2000,600,600,2000,1829,170,1,0,0,0.5
3117968212,1,1,3000,4000,600,600,3999,3374,618,7,0,0,2.73333
3117968212,1,1,3000,5000,600,600,4999,3964,1009,26,0,0,4.8
3117968212,1,1,3000,6000,600,600,5999,4543,1407,49,0,0,7.15
3117968212,1,2,3000,3000,600,600,2997,2272,447,278,0,0,1.36667
3117968212,1,2,3000,1000,600,600,1000,925,62,13,0,0,0.0833333
3117968212,1,2,3000,2000,600,600,1998,1678,234,86,0,0,0.516667
3117968212,1,2,3000,4000,600,600,3997,2684,752,561,0,0,2.88333
3117968212,1,2,3000,5000,600,600,4995,2997,977,1021,0,0,4.71667
3117968212,1,2,3000,6000,600,600,5994,3253,1263,1478,0,0,7.15
3117968212,1,3,3000,3000,600,600,3000,2709,235,56,0,0,1.45
3117968212,1,3,3000,1000,600,600,1000,976,23,1,0,0,0.0833333
3117968212,1,3,3000,2000,600,600,1999,1884,98,17,0,0,0.5
3117968212,1,3,3000,4000,600,600,3999,3511,384,104,0,0,2.83333
3117968212,1,3,3000,5000,600,600,4999,4194,573,232,0,0,4.41667
3117968212,1,3,3000,6000,600,600,5995,4832,780,383,0,0,7.13333
3117968212,1,4,3000,3000,600,600,3000,2631,365,4,0,0,1.38333
3117968212,1,4,3000,1000,600,600,1000,959,40,1,0,0,0.0833333
3117968212,1,4,3000,2000,600,600,2000,1845,154,1,0,0,0.5
3117968212,1,4,3000,4000,600,600,3999,3426,566,7,0,0,2.78333
3117968212,1,4,3000,5000,600,600,4999,4048,924,27,0,0,4.66667
3117968212,1,4,3000,6000,600,600,5999,4643,1300,56,0,0,7.13333
3117968212,1,5,3000,3000,600,600,3000,2708,236,56,0,0,1.38333
3117968212,1,5,3000,1000,600,600,1000,976,23,1,0,0,0.0833333
3117968212,1,5,3000,2000,600,600,1999,1884,98,17,0,0,0.516667
3117968212,1,5,3000,4000,600,600,3999,3502,390,107,0,0,2.86667
3117968212,1,5,3000,5000,600,600,4999,4194,572,233,0,0,4.63333
3117968212,1,5,3000,6000,600,600,5995,4824,783,388,0,0,7.13333
4114631258,1,1,3000,3000,600,600,3000,2587,408,5,0,0,1.53333
4114631258,1,1,3000,1000,600,600,1000,954,46,0,0,0,0.0833333
4114631258,1,1,3000,2000,600,600,2000,1812,188,0,0,0,0.5
4114631258,1,1,3000,4000,600,600,4000,3342,648,10,0,0,2.86667
4114631258,1,1,3000,5000,600,600,4998,3935,1032,31,0,0,4.68333
4114631258,1,1,3000,6000,600,600,6000,4537,1414,49,0,0,7.21667
4114631258,1,2,3000,3000,600,600,2999,2172,536,291,0,0,1.38333
4114631258,1,2,3000,1000,600,600,1000,919,67,14,0,0,0.0833333
4114631258,1,2,3000,2000,600,600,1998,1627,266,105,0,0,0.483333
4114631258,1,2,3000,4000,600,600,3997,2676,766,555,0,0,3.03333
4114631258,1,2,3000,5000,600,600,4996,2979,1031,986,0,0,4.75
4114631258,1,2,3000,6000,600,600,6000,3260,1288,1452,0,0,6.68333
4114631258,1,3,3000,3000,600,600,3000,2691,251,58,0,0,1.4
4114631258,1,3,3000,1000,600,600,1000,973,25,2,0,0,0.0833333
4114631258,1,3,3000,2000,600,600,2000,1860,122,18,0,0,0.55
4114631258,1,3,3000,4000,600,600,3999,3492,401,106,0,0,2.85
4114631258,1,3,3000,5000,600,600,4997,4106,639,252,0,0,4.8
4114631258,1,3,3000,6000,600,600,6000,4865,757,378,0,0,7.11667
4114631258,1,4,3000,3000,600,600,3000,2625,370,5,0,0,1.43333
4114631258,1,4,3000,1000,600,600,1000,958,42,0,0,0,0.0833333
4114631258,1,4,3000,2000,600,600,2000,1825,175,0,0,0,0.5
4114631258,1,4,3000,4000,600,600,4000,3401,585,14,0,0,2.95
4114631258,1,4,3000,5000,600,600,4998,3989,975,34,0,0,4.68333
4114631258,1,4,3000,6000,600,600,6000,4647,1301,52,0,0,6.8
4114631258,1,5,3000,3000,600,600,3000,2694,247,59,0,0,1.41667
4114631258,1,5,3000,1000,600,600,1000,975,23,2,0,0,0.0833333
4114631258,1,5,3000,2000,600,600,2000,1861,121,18,0,0,0.516667
4114631258,1,5,3000,4000,600,600,3999,3498,393,108,0,0,2.81667
4114631258,1,5,3000,5000,600,600,4997,4114,627,256,0,0,4.78333
4114631258,1,5,3000,6000,600,600,6000,4855,758,387,0,0,7.41667
2761751998,1,1,3000,3000,600,600,2999,2624,367,8,0,0,1.41667
2761751998,1,1,3000,1000,600,600,1000,956,43,1,0,0,0.0833333
2761751998,1,1,3000,2000,600,600,1999,1802,196,1,0,0,0.516667
2761751998,1,1,3000,4000,600,600,4000,3273,716,11,0,0,2.8
2761751998,1,1,3000,5000,600,600,4999,3992,985,22,0,0,4.71667
2761751998,1,1,3000,6000,600,600,5999,4613,1333,53,0,0,7.03333
2761751998,1,2,3000,3000,600,600,2998,2283,452,263,0,0,1.4
2761751998,1,2,3000,1000,600,600,1000,902,85,13,0,0,0.0833333
2761751998,1,2,3000,2000,600,600,1997,1624,283,90,0,0,0.483333
2761751998,1,2,3000,4000,600,600,3999,2640,760,599,0,0,2.8
2761751998,1,2,3000,5000,600,600,4996,2884,1124,988,0,0,4.76667
2761751998,1,2,3000,6000,600,600,5999,3248,1274,1477,0,0,7.18333
2761751998,1,3,3000,3000,600,600,2999,2742,199,58,0,0,1.58333
2761751998,1,3,3000,1000,600,600,1000,978,17,5,0,0,0.0833333
2761751998,1,3,3000,2000,600,600,1998,1867,117,14,0,0,0.533333
2761751998,1,3,3000,4000,600,600,4000,3470,408,122,0,0,2.76667
2761751998,1,3,3000,5000,600,600,4997,4135,637,225,0,0,4.73333
2761751998,1,3,3000,6000,600,600,5999,4859,740,400,0,0,7.33333
2761751998,1,4,3000,3000,600,600,2999,2666,324,9,0,0,1.3
2761751998,1,4,3000,1000,600,600,1000,960,39,1,0,0,0.0833333
2761751998,1,4,3000,2000,600,600,1999,1819,179,1,0,0,0.516667
2761751998,1,4,3000,4000,600,600,4000,3342,646,12,0,0,2.78333
2761751998,1,4,3000,5000,600,600,4999,4073,903,23,0,0,4.81667
2761751998,1,4,3000,6000,600,600,5999,4721,1222,56,0,0,7.1
2761751998,1,5,3000,3000,600,600,2999,2749,190,60,0,0,1.4
2761751998,1,5,3000,1000,600,600,1000,977,18,5,0,0,0.0833333
2761751998,1,5,3000,2000,600,600,1998,1866,118,14,0,0,0.516667
2761751998,1,5,3000,4000,600,600,4000,3492,388,120,0,0,2.83333
2761751998,1,5,3000,5000,600,600,4997,4153,615,229,0,0,4.71667
2761751998,1,5,3000,6000,600,600,5999,4851,744,404,0,0,7.11667
308154789,1,1,3000,3000,600,600,3000,2625,368,7,0,0,1.45
308154789,1,1,3000,1000,600,600,1000,966,34,0,0,0,0.0833333
308154789,1,1,3000,2000,600,600,2000,1829,169,2,0,0,0.5
308154789,1,1,3000,4000,600,600,4000,3318,672,10,0,0,2.61667
308154789,1,1,3000,5000,600,600,5000,3994,980,26,0,0,4.75
308154789,1,1,3000,6000,600,600,6000,4552,1408,40,0,0,7.15
308154789,1,2,3000,3000,600,600,2998,2246,467,285,0,0,1.38333
308154789,1,2,3000,1000,600,600,999,910,76,13,0,0,0.0833333
308154789,1,2,3000,2000,600,600,1998,1709,229,60,0,0,0.5
308154789,1,2,3000,4000,600,600,3995,2723,710,562,0,0,2.81667
308154789,1,2,3000,5000,600,600,4997,2968,1037,992,0,0,4.68333
308154789,1,2,3000,6000,600,600,5997,3200,1310,1487,0,0,7.33333
308154789,1,3,3000,3000,600,600,3000,2706,242,52,0,0,1.38333
308154789,1,3,3000,1000,600,600,1000,973,26,1,0,0,0.0833333
308154789,1,3,3000,2000,600,600,1999,1885,103,11,0,0,0.5
308154789,1,3,3000,4000,600,600,4000,3484,405,111,0,0,2.75
308154789,1,3,3000,5000,600,600,4999,4207,545,247,0,0,4.73333
308154789,1,3,3000,6000,600,600,5998,4845,789,364,0,0,7.21667
308154789,1,4,3000,3000,600,600,3000,2651,342,7,0,0,1.4
308154789,1,4,3000,1000,600,600,1000,972,28,0,0,0,0.0833333
308154789,1,4,3000,2000,600,600,2000,1850,148,2,0,0,0.5
308154789,1,4,3000,4000,600,600,4000,3373,617,10,0,0,2.81667
308154789,1,4,3000,5000,600,600,5000,4086,885,29,0,0,4.78333
308154789,1,4,3000,6000,600,600,6000,4655,1299,46,0,0,7.25
308154789,1,5,3000,3000,600,600,3000,2714,233,53,0,0,1.4
308154789,1,5,3000,1000,600,600,1000,973,26,1,0,0,0.0833333
308154789,1,5,3000,2000,600,600,1999,1881,106,12,0,0,0.533333
308154789,1,5,3000,4000,600,600,4000,3484,402,114,0,0,3.03333
308154789,1,5,3000,5000,600,600,4999,4213,538,248,0,0,4.55
308154789,1,5,3000,6000,600,600,5998,4844,784,370,0,0,7.11667
3865031964,1,1,3000,3000,600,600,2999,2583,409,7,0,0,1.43333
3865031964,1,1,3000,1000,600,600,1000,935,65,0,0,0,0.0833333
3865031964,1,1,3000,2000,600,600,1999,1820,179,0,0,0,0.566667
3865031964,1,1,3000,4000,600,600,4000,3316,674,10,0,0,2.81667
3865031964,1,1,3000,5000,600,600,5000,3913,1049,38,0,0,4.81667
3865031964,1,1,3000,6000,600,600,6000,4535,1411,54,0,0,7.18333
3865031964,1,2,3000,3000,600,600,2995,2209,506,280,0,0,1.41667
3865031964,1,2,3000,1000,600,600,1000,929,62,9,0,0,0.0833333
3865031964,1,2,3000,2000,600,600,1997,1654,246,97,0,0,0.5
3865031964,1,2,3000,4000,600,600,3997,2688,718,591,0,0,2.9
3865031964,1,2,3000,5000,600,600,4998,2984,1041,973,0,0,4.76667
3865031964,1,2,3000,6000,600,600,5997,3281,1243,1473,0,0,6.63333
3865031964,1,3,3000,3000,600,600,2998,2709,236,53,0,0,1.4
3865031964,1,3,3000,1000,600,600,1000,967,31,2,0,0,0.0833333
3865031964,1,3,3000,2000,600,600,1999,1882,96,21,0,0,0.5
3865031964,1,3,3000,4000,600,600,4000,3464,400,136,0,0,2.93333
3865031964,1,3,3000,5000,600,600,4999,4171,601,227,0,0,4.86667
3865031964,1,3,3000,6000,600,600,5998,4822,825,351,0,0,7.16667
3865031964,1,4,3000,3000,600,600,2999,2624,368,7,0,0,1.38333
3865031964,1,4,3000,1000,600,600,1000,941,59,0,0,0,0.0833333
3865031964,1,4,3000,2000,600,600,1999,1836,163,0,0,0,0.516667
3865031964,1,4,3000,4000,600,600,4000,3369,621,10,0,0,2.8
3865031964,1,4,3000,5000,600,600,5000,3987,971,42,0,0,4.73333
3865031964,1,4,3000,6000,600,600,6000,4649,1295,56,0,0,7
3865031964,1,5,3000,3000,600,600,2998,2715,229,54,0,0,1.51667
3865031964,1,5,3000,1000,600,600,1000,963,35,2,0,0,0.0833333
3865031964,1,5,3000,2000,600,600,1999,1889,89,21,0,0,0.583333
3865031964,1,5,3000,4000,600,600,4000,3456,406,138,0,0,2.91667
3865031964,1,5,3000,5000,600,600,4999,4197,570,232,0,0,4.83333
3865031964,1,5,3000,6000,600,600,5998,4817,823,358,0,0,7.38333
2113304021,1,1,3000,3000,600,600,2999,2590,407,2,0,0,1.43333
2113304021,1,1,3000,1000,600,600,1000,952,48,0,0,0,0.0833333
2113304021,1,1,3000,2000,600,600,2000,1821,179,0,0,0,0.533333
2113304021,1,1,3000,4000,600,600,4000,3332,656,12,0,0,2.96667
2113304021,1,1,3000,5000,600,600,5000,3955,1020,25,0,0,4.75
2113304021,1,1,3000,6000,600,600,6000,4483,1468,49,0,0,7.23333
2113304021,1,2,3000,3000,600,600,2997,2262,477,258,0,0,1.53333
2113304021,1,2,3000,1000,600,600,1000,916,75,9,0,0,0.0833333
2113304021,1,2,3000,2000,600,600,1999,1669,253,77,0,0,0.516667
2113304021,1,2,3000,4000,600,600,3995,2622,813,560,0,0,2.86667
2113304021,1,2,3000,5000,600,600,4994,2986,1020,988,0,0,5
2113304021,1,2,3000,6000,600,600,5993,3170,1297,1526,0,0,7.28333
2113304021,1,3,3000,3000,600,600,2999,2705,241,53,0,0,1.43333
2113304021,1,3,3000,1000,600,600,1000,974,24,2,0,0,0.0833333
2113304021,1,3,3000,2000,600,600,1999,1889,96,14,0,0,0.516667
2113304021,1,3,3000,4000,600,600,3999,3506,394,99,0,0,2.83333
2113304021,1,3,3000,5000,600,600,4997,4180,586,231,0,0,4.85
2113304021,1,3,3000,6000,600,600,5999,4723,864,412,0,0,7.21667
2113304021,1,4,3000,3000,600,600,2999,2630,367,2,0,0,1.33333
2113304021,1,4,3000,1000,600,600,1000,961,39,0,0,0,0.0833333
2113304021,1,4,3000,2000,600,600,2000,1840,160,0,0,0,0.5
2113304021,1,4,3000,4000,600,600,4000,3398,590,12,0,0,2.98333
2113304021,1,4,3000,5000,600,600,5000,4039,935,26,0,0,4.8
2113304021,1,4,3000,6000,600,600,6000,4602,1345,53,0,0,7.35
2113304021,1,5,3000,3000,600,600,2999,2702,244,53,0,0,1.45
2113304021,1,5,3000,1000,600,600,1000,978,20,2,0,0,0.0833333
2113304021,1,5,3000,2000,600,600,1999,1892,93,14,0,0,0.5
2113304021,1,5,3000,4000,600,600,3999,3512,387,100,0,0,2.8
2113304021,1,5,3000,5000,600,600,4997,4187,574,236,0,0,4.75
2113304021,1,5,3000,6000,600,600,5999,4734,842,423,0,0,7.58333
481011510,1,1,3000,3000,600,600,3000,2615,383,2,0,0,1.4
481011510,1,1,3000,1000,600,600,1000,956,43,1,0,0,0.0833333
481011510,1,1,3000,2000,600,600,2000,1824,175,1,0,0,0.516667
481011510,1,1,3000,4000,600,600,4000,3335,646,19,0,0,2.65
481011510,1,1,3000,5000,600,600,4999,3966,1012,21,0,0,4.85
481011510,1,1,3000,6000,600,600,6000,4485,1469,46,0,0,7.21667
481011510,1,2,3000,3000,600,600,2997,2218,509,270,0,0,1.4
481011510,1,2,3000,1000,600,600,1000,918,68,14,0,0,0.0833333
481011510,1,2,3000,2000,600,600,2000,1646,259,95,0,0,0.516667
481011510,1,2,3000,4000,600,600,3997,2656,761,580,0,0,2.81667
481011510,1,2,3000,5000,600,600,4997,2970,1048,979,0,0,4.9
481011510,1,2,3000,6000,600,600,5995,3120,1410,1465,0,0,7.35
481011510,1,3,3000,3000,600,600,2998,2708,247,43,0,0,1.56667
481011510,1,3,3000,1000,600,600,1000,976,21,3,0,0,0.0833333
481011510,1,3,3000,2000,600,600,2000,1887,95,18,0,0,0.5
481011510,1,3,3000,4000,600,600,4000,3485,402,113,0,0,2.86667
481011510,1,3,3000,5000,600,600,4999,4166,587,246,0,0,4.85
481011510,1,3,3000,6000,600,600,5997,4814,817,366,0,0,7.26667
481011510,1,4,3000,3000,600,600,3000,2658,340,2,0,0,1.41667
481011510,1,4,3000,1000,600,600,1000,962,37,1,0,0,0.0833333
481011510,1,4,3000,2000,600,600,2000,1841,158,1,0,0,0.516667
481011510,1,4,3000,4000,600,600,4000,3395,586,19,0,0,2.8
481011510,1,4,3000,5000,600,600,4999,4061,914,24,0,0,4.83333
481011510,1,4,3000,6000,600,600,5999,4636,1311,52,0,0,7.3
481011510,1,5,3000,3000,600,600,2998,2709,246,43,0,0,1.4
481011510,1,5,3000,1000,600,600,1000,978,19,3,0,0,0.0833333
481011510,1,5,3000,2000,600,600,2000,1882,100,18,0,0,0.533333
481011510,1,5,3000,4000,600,600,4000,3479,405,116,0,0,2.98333
481011510,1,5,3000,5000,600,600,4999,4175,577,247,0,0,4.56667
481011510,1,5,3000,6000,600,600,5997,4804,820,373,0,0,7.45
3288029654,1,1,3000,3000,600,600,3000,2623,371,6,0,0,1.45
3288029654,1,1,3000,1000,600,600,1000,951,48,1,0,0,0.0833333
3288029654,1,1,3000,2000,600,600,2000,1820,178,2,0,0,0.5
3288029654,1,1,3000,4000,600,600,4000,3292,689,19,0,0,2.83333
3288029654,1,1,3000,5000,600,600,5000,3965,1012,23,0,0,4.83333
3288029654,1,1,3000,6000,600,600,5999,4530,1430,39,0,0,7.28333
3288029654,1,2,3000,3000,600,600,2997,2199,514,284,0,0,1.38333
3288029654,1,2,3000,1000,600,600,1000,914,68,18,0,0,0.0833333
3288029654,1,2,3000,2000,600,600,1998,1683,233,82,0,0,0.5
3288029654,1,2,3000,4000,600,600,3999,2622,801,576,0,0,2.88333
3288029654,1,2,3000,5000,600,600,4996,2964,1077,955,0,0,4.66667
3288029654,1,2,3000,6000,600,600,5997,3186,1346,1465,0,0,7.26667
3288029654,1,3,3000,3000,600,600,3000,2734,206,60,0,0,1.45
3288029654,1,3,3000,1000,600,600,1000,954,41,5,0,0,0.0833333
3288029654,1,3,3000,2000,600,600,1999,1870,109,20,0,0,0.5
3288029654,1,3,3000,4000,600,600,4000,3457,417,126,0,0,2.88333
3288029654,1,3,3000,5000,600,600,4999,4175,611,213,0,0,4.76667
3288029654,1,3,3000,6000,600,600,5999,4792,848,359,0,0,7.41667
3288029654,1,4,3000,3000,600,600,3000,2659,335,6,0,0,1.43333
3288029654,1,4,3000,1000,600,600,1000,956,43,1,0,0,0.0833333
3288029654,1,4,3000,2000,600,600,2000,1837,161,2,0,0,0.5
3288029654,1,4,3000,4000,600,600,4000,3353,627,20,0,0,2.83333
3288029654,1,4,3000,5000,600,600,5000,4066,910,24,0,0,4.71667
3288029654,1,4,3000,6000,600,600,5999,4654,1301,44,0,0,6.71667
3288029654,1,5,3000,3000,600,600,3000,2742,194,64,0,0,1.38333
3288029654,1,5,3000,1000,600,600,1000,953,42,5,0,0,0.0833333
3288029654,1,5,3000,2000,600,600,1999,1875,104,20,0,0,0.5
3288029654,1,5,3000,4000,600,600,4000,3457,415,128,0,0,2.86667
3288029654,1,5,3000,5000,600,600,4999,4186,597,216,0,0,4.83333
3288029654,1,5,3000,6000,600,600,5999,4806,830,363,0,0,7.15
4126506499,1,1,3000,3000,600,600,2999,2574,417,8,0,0,1.41667
4126506499,1,1,3000,1000,600,600,1000,956,44,0,0,0,0.0833333
4126506499,1,1,3000,2000,600,600,2000,1832,168,0,0,0,0.533333
4126506499,1,1,3000,4000,600,600,4000,3296,690,14,0,0,2.81667
4126506499,1,1,3000,5000,600,600,5000,3990,983,27,0,0,4.78333
4126506499,1,1,3000,6000,600,600,6000,4525,1428,47,0,0,6.96667
4126506499,1,2,3000,3000,600,600,2994,2224,488,282,0,0,1.43333
4126506499,1,2,3000,1000,600,600,1000,928,65,7,0,0,0.0833333
4126506499,1,2,3000,2000,600,600,1999,1685,220,94,0,0,0.516667
4126506499,1,2,3000,4000,600,600,3998,2659,758,581,0,0,2.91667
4126506499,1,2,3000,5000,600,600,4998,2963,1027,1008,0,0,4.95
4126506499,1,2,3000,6000,600,600,5998,3074,1359,1565,0,0,7.28333
4126506499,1,3,3000,3000,600,600,2997,2722,231,44,0,0,1.43333
4126506499,1,3,3000,1000,600,600,1000,976,21,3,0,0,0.0833333
4126506499,1,3,3000,2000,600,600,1999,1886,97,16,0,0,0.516667
4126506499,1,3,3000,4000,600,600,3999,3475,402,122,0,0,3.08333
4126506499,1,3,3000,5000,600,600,4999,4163,582,254,0,0,5.08333
4126506499,1,3,3000,6000,600,600,6000,4772,841,387,0,0,7.41667
4126506499,1,4,3000,3000,600,600,2999,2603,386,10,0,0,1.5
4126506499,1,4,3000,1000,600,600,1000,956,44,0,0,0,0.0833333
4126506499,1,4,3000,2000,600,600,2000,1846,154,0,0,0,0.55
4126506499,1,4,3000,4000,600,600,4000,3353,632,15,0,0,2.85
4126506499,1,4,3000,5000,600,600,5000,4067,906,27,0,0,4.8
4126506499,1,4,3000,6000,600,600,6000,4607,1339,54,0,0,7.33333
4126506499,1,5,3000,3000,600,600,2997,2723,228,46,0,0,1.43333
4126506499,1,5,3000,1000,600,600,1000,977,20,3,0,0,0.0833333
4126506499,1,5,3000,2000,600,600,1999,1888,95,16,0,0,0.516667
4126506499,1,5,3000,4000,600,600,3999,3482,394,123,0,0,2.88333
4126506499,1,5,3000,5000,600,600,4999,4159,584,256,0,0,4.93333
4126506499,1,5,3000,6000,600,600,6000,4785,825,390,0,0,7.41667
2985950249,1,1,3000,3000,600,600,3000,2643,352,5,0,0,1.38333
2985950249,1,1,3000,1000,600,600,1000,955,45,0,0,0,0.0833333
2985950249,1,1,3000,2000,600,600,1999,1825,173,1,0,0,0.5
2985950249,1,1,3000,4000,600,600,3999,3298,689,12,0,0,2.88333
2985950249,1,1,3000,5000,600,600,4999,3962,1013,24,0,0,4.73333
2985950249,1,1,3000,6000,600,600,5999,4494,1462,43,0,0,7.18333
2985950249,1,2,3000,3000,600,600,2999,2289,462,248,0,0,1.43333
2985950249,1,2,3000,1000,600,600,999,918,75,6,0,0,0.0833333
2985950249,1,2,3000,2000,600,600,1998,1660,232,106,0,0,0.566667
2985950249,1,2,3000,4000,600,600,3997,2638,774,585,0,0,2.86667
2985950249,1,2,3000,5000,600,600,4995,2990,1072,933,0,0,4.86667
2985950249,1,2,3000,6000,600,600,5994,3232,1298,1464,0,0,7.4
2985950249,1,3,3000,3000,600,600,3000,2758,192,50,0,0,1.41667
2985950249,1,3,3000,1000,600,600,1000,973,27,0,0,0,0.0833333
2985950249,1,3,3000,2000,600,600,1999,1874,108,17,0,0,0.583333
2985950249,1,3,3000,4000,600,600,3999,3478,396,125,0,0,2.61667
2985950249,1,3,3000,5000,600,600,4999,4177,611,211,0,0,4.91667
2985950249,1,3,3000,6000,600,600,5996,4837,789,370,0,0,7.3
2985950249,1,4,3000,3000,600,600,3000,2671,324,5,0,0,1.43333
2985950249,1,4,3000,1000,600,600,1000,958,42,0,0,0,0.0833333
2985950249,1,4,3000,2000,600,600,1999,1836,162,1,0,0,0.516667
2985950249,1,4,3000,4000,600,600,3999,3347,637,15,0,0,2.91667
2985950249,1,4,3000,5000,600,600,4999,4045,928,26,0,0,4.86667
2985950249,1,4,3000,6000,600,600,5999,4621,1332,46,0,0,7.23333
2985950249,1,5,3000,3000,600,600,3000,2767,183,50,0,0,1.38333
2985950249,1,5,3000,1000,600,600,1000,977,23,0,0,0,0.0833333
2985950249,1,5,3000,2000,600,600,1999,1876,106,17,0,0,0.483333
2985950249,1,5,3000,4000,600,600,3999,3484,388,127,0,0,2.81667
2985950249,1,5,3000,5000,600,600,4999,4193,593,213,0,0,4.35
2985950249,1,5,3000,6000,600,600,5996,4847,773,376,0,0,7.31667
3375837376,1,1,3000,3000,600,600,3000,2594,403,3,0,0,1.41667
3375837376,1,1,3000,1000,600,600,999,945,54,0,0,0,0.0833333
3375837376,1,1,3000,2000,600,600,2000,1818,178,4,0,0,0.533333
3375837376,1,1,3000,4000,600,600,3999,3342,647,10,0,0,2.85
3375837376,1,1,3000,5000,600,600,5000,3956,1016,28,0,0,5.01667
3375837376,1,1,3000,6000,600,600,5999,4527,1439,33,0,0,7.21667
3375837376,1,2,3000,3000,600,600,2997,2254,492,251,0,0,1.43333
3375837376,1,2,3000,1000,600,600,999,908,80,11,0,0,0.1
3375837376,1,2,3000,2000,600,600,1997,1660,238,99,0,0,0.55
3375837376,1,2,3000,4000,600,600,3996,2664,770,562,0,0,2.8
3375837376,1,2,3000,5000,600,600,4997,2996,1033,968,0,0,4.76667
3375837376,1,2,3000,6000,600,600,5993,3247,1281,1465,0,0,7.5
3375837376,1,3,3000,3000,600,600,3000,2698,253,49,0,0,1.45
3375837376,1,3,3000,1000,600,600,999,964,33,2,0,0,0.0833333
3375837376,1,3,3000,2000,600,600,1998,1889,99,10,0,0,0.566667
3375837376,1,3,3000,4000,600,600,3999,3457,421,121,0,0,2.8
3375837376,1,3,3000,5000,600,600,4999,4237,551,211,0,0,4.8
3375837376,1,3,3000,6000,600,600,5997,4794,818,385,0,0,7.26667
3375837376,1,4,3000,3000,600,600,3000,2630,367,3,0,0,1.45
3375837376,1,4,3000,1000,600,600,999,950,49,0,0,0,0.1
3375837376,1,4,3000,2000,600,600,2000,1827,169,4,0,0,0.516667
3375837376,1,4,3000,4000,600,600,3999,3386,602,11,0,0,2.85
3375837376,1,4,3000,5000,600,600,5000,4042,927,31,0,0,4.75
3375837376,1,4,3000,6000,600,600,5999,4647,1314,38,0,0,6.75
3375837376,1,5,3000,3000,600,600,3000,2699,251,50,0,0,1.43333
3375837376,1,5,3000,1000,600,600,999,965,32,2,0,0,0.1
3375837376,1,5,3000,2000,600,600,1998,1891,97,10,0,0,0.583333
3375837376,1,5,3000,4000,600,600,3999,3452,425,122,0,0,2.93333
3375837376,1,5,3000,5000,600,600,4999,4237,547,215,0,0,5.06667
3375837376,1,5,3000,6000,600,600,5997,4799,810,388,0,0,7.18333
3312862971,1,1,3000,3000,600,600,3000,2613,378,9,0,0,1.4
3312862971,1,1,3000,1000,600,600,1000,951,49,0,0,0,0.0833333
3312862971,1,1,3000,2000,600,600,2000,1814,185,1,0,0,0.516667
3312862971,1,1,3000,4000,600,600,3999,3294,700,5,0,0,2.85
3312862971,1,1,3000,5000,600,600,4999,3922,1041,36,0,0,4.83333
3312862971,1,1,3000,6000,600,600,5999,4517,1447,35,0,0,7.01667
3312862971,1,2,3000,3000,600,600,3000,2261,451,288,0,0,1.4
3312862971,1,2,3000,1000,600,600,998,891,92,15,0,0,0.0833333
3312862971,1,2,3000,2000,600,600,2000,1694,220,86,0,0,0.516667
3312862971,1,2,3000,4000,600,600,3997,2668,768,561,0,0,2.86667
3312862971,1,2,3000,5000,600,600,4995,3024,1008,963,0,0,4.8
3312862971,1,2,3000,6000,600,600,5994,3265,1293,1436,0,0,7.46667
3312862971,1,3,3000,3000,600,600,3000,2702,237,61,0,0,1.45
3312862971,1,3,3000,1000,600,600,999,946,48,5,0,0,0.0833333
3312862971,1,3,3000,2000,600,600,2000,1885,97,18,0,0,0.516667
3312862971,1,3,3000,4000,600,600,3999,3483,406,110,0,0,2.83333
3312862971,1,3,3000,5000,600,600,4996,4156,613,227,0,0,4.93333
3312862971,1,3,3000,6000,600,600,5995,4782,834,379,0,0,7.11667
3312862971,1,4,3000,3000,600,600,3000,2641,349,10,0,0,1.43333
3312862971,1,4,3000,1000,600,600,1000,952,48,0,0,0,0.1
3312862971,1,4,3000,2000,600,600,2000,1831,168,1,0,0,0.516667
3312862971,1,4,3000,4000,600,600,3999,3357,637,5,0,0,2.81667
3312862971,1,4,3000,5000,600,600,4999,4022,938,39,0,0,4.88333
3312862971,1,4,3000,6000,600,600,5999,4611,1347,41,0,0,7.3
3312862971,1,5,3000,3000,600,600,3000,2704,235,61,0,0,1.43333
3312862971,1,5,3000,1000,600,600,999,948,46,5,0,0,0.0833333
3312862971,1,5,3000,2000,600,600,2000,1883,99,18,0,0,0.516667
3312862971,1,5,3000,4000,600,600,3999,3487,401,111,0,0,2.93333
3312862971,1,5,3000,5000,600,600,4996,4161,608,227,0,0,4.98333
3312862971,1,5,3000,6000,600,600,5995,4786,823,386,0,0,7.23333
3231749163,1,1,3000,3000,600,600,3000,2665,329,6,0,0,1.38333
3231749163,1,1,3000,1000,600,600,1000,967,33,0,0,0,0.0833333
3231749163,1,1,3000,2000,600,600,2000,1820,179,1,0,0,0.533333
3231749163,1,1,3000,4000,600,600,4000,3304,684,12,0,0,2.8
3231749163,1,1,3000,5000,600,600,4999,3976,1000,23,0,0,4.76667
3231749163,1,1,3000,6000,600,600,6000,4525,1424,51,0,0,7.28333
3231749163,1,2,3000,3000,600,600,2997,2282,484,231,0,0,1.46667
3231749163,1,2,3000,1000,600,600,999,936,51,12,0,0,0.0833333
3231749163,1,2,3000,2000,600,600,1998,1670,245,83,0,0,0.516667
3231749163,1,2,3000,4000,600,600,3999,2677,752,570,0,0,2.88333
3231749163,1,2,3000,5000,600,600,4996,2958,1041,997,0,0,4.88333
3231749163,1,2,3000,6000,600,600,5995,3196,1330,1469,0,0,7.5
3231749163,1,3,3000,3000,600,600,2999,2734,220,45,0,0,1.45
3231749163,1,3,3000,1000,600,600,999,983,14,2,0,0,0.0833333
3231749163,1,3,3000,2000,600,600,2000,1899,88,13,0,0,0.5
3231749163,1,3,3000,4000,600,600,3999,3499,385,115,0,0,2.65
3231749163,1,3,3000,5000,600,600,4999,4193,580,226,0,0,4.93333
3231749163,1,3,3000,6000,600,600,6000,4772,834,394,0,0,7.36667
3231749163,1,4,3000,3000,600,600,3000,2696,296,8,0,0,1.46667
3231749163,1,4,3000,1000,600,600,1000,971,29,0,0,0,0.0833333
3231749163,1,4,3000,2000,600,600,2000,1838,161,1,0,0,0.533333
3231749163,1,4,3000,4000,600,600,4000,3368,619,13,0,0,2.86667
3231749163,1,4,3000,5000,600,600,4999,4054,919,26,0,0,4.9
3231749163,1,4,3000,6000,600,600,6000,4633,1311,56,0,0,7.25
3231749163,1,5,3000,3000,600,600,2999,2734,220,45,0,0,1.56667
3231749163,1,5,3000,1000,600,600,999,985,12,2,0,0,0.0833333
3231749163,1,5,3000,2000,600,600,2000,1896,91,13,0,0,0.55
3231749163,1,5,3000,4000,600,600,3999,3500,380,119,0,0,2.85
3231749163,1,5,3000,5000,600,600,4999,4199,572,228,0,0,4.45
3231749163,1,5,3000,6000,600,600,6000,4781,820,399,0,0,7.36667
2322300217,1,1,3000,3000,600,600,3000,2632,363,5,0,0,1.5
2322300217,1,1,3000,1000,600,600,1000,949,51,0,0,0,0.0833333
2322300217,1,1,3000,2000,600,600,2000,1843,156,1,0,0,0.583333
2322300217,1,1,3000,4000,600,600,3998,3357,629,12,0,0,2.9
2322300217,1,1,3000,5000,600,600,5000,3940,1034,26,0,0,4.78333
2322300217,1,1,3000,6000,600,600,6000,4536,1419,45,0,0,7.26667
2322300217,1,2,3000,3000,600,600,2997,2216,494,287,0,0,1.65
2322300217,1,2,3000,1000,600,600,1000,917,68,15,0,0,0.0833333
2322300217,1,2,3000,2000,600,600,2000,1651,250,99,0,0,0.5
2322300217,1,2,3000,4000,600,600,3997,2669,732,596,0,0,3.03333
2322300217,1,2,3000,5000,600,600,4996,2999,1009,988,0,0,4.8
2322300217,1,2,3000,6000,600,600,5998,3198,1320,1480,0,0,7.3
2322300217,1,3,3000,3000,600,600,2998,2737,206,55,0,0,1.43333
2322300217,1,3,3000,1000,600,600,1000,963,36,1,0,0,0.0833333
2322300217,1,3,3000,2000,600,600,2000,1886,92,22,0,0,0.533333
2322300217,1,3,3000,4000,600,600,3998,3501,371,126,0,0,3.11667
2322300217,1,3,3000,5000,600,600,4999,4163,612,224,0,0,4.96667
2322300217,1,3,3000,6000,600,600,5999,4761,850,388,0,0,7.46667
2322300217,1,4,3000,3000,600,600,2999,2669,324,6,0,0,1.43333
2322300217,1,4,3000,1000,600,600,1000,948,52,0,0,0,0.0833333
2322300217,1,4,3000,2000,600,600,2000,1861,138,1,0,0,0.583333
2322300217,1,4,3000,4000,600,600,3998,3405,581,12,0,0,2.96667
2322300217,1,4,3000,5000,600,600,5000,4018,955,27,0,0,4.75
2322300217,1,4,3000,6000,600,600,6000,4645,1308,47,0,0,6.76667
2322300217,1,5,3000,3000,600,600,2998,2734,208,56,0,0,1.5
2322300217,1,5,3000,1000,600,600,1000,963,36,1,0,0,0.0833333
2322300217,1,5,3000,2000,600,600,2000,1884,94,22,0,0,0.533333
2322300217,1,5,3000,4000,600,600,3998,3505,364,129,0,0,2.93333
2322300217,1,5,3000,5000,600,600,4999,4182,592,225,0,0,4.78333
2322300217,1,5,3000,6000,600,600,5999,4772,830,397,0,0,7.21667
2107639057,1,1,3000,3000,600,600,3000,2614,385,1,0,0,1.41667
2107639057,1,1,3000,1000,600,600,1000,969,30,1,0,0,0.1
2107639057,1,1,3000,2000,600,600,1999,1794,201,4,0,0,0.516667
2107639057,1,1,3000,4000,600,600,4000,3303,686,11,0,0,2.9
2107639057,1,1,3000,5000,600,600,5000,3946,1029,25,0,0,4.93333
2107639057,1,1,3000,6000,600,600,6000,4541,1417,42,0,0,7.23333
2107639057,1,2,3000,3000,600,600,2997,2259,480,258,0,0,1.45
2107639057,1,2,3000,1000,600,600,998,928,49,21,0,0,0.0833333
2107639057,1,2,3000,2000,600,600,1996,1627,268,101,0,0,0.533333
2107639057,1,2,3000,4000,600,600,3998,2677,745,576,0,0,2.91667
2107639057,1,2,3000,5000,600,600,4996,2951,1061,984,0,0,4.83333
2107639057,1,2,3000,6000,600,600,5995,3228,1308,1459,0,0,7.46667
2107639057,1,3,3000,3000,600,600,2999,2729,221,49,0,0,1.41667
2107639057,1,3,3000,1000,600,600,999,978,20,1,0,0,0.0833333
2107639057,1,3,3000,2000,600,600,1998,1859,114,25,0,0,0.5
2107639057,1,3,3000,4000,600,600,4000,3448,427,125,0,0,2.85
2107639057,1,3,3000,5000,600,600,4997,4174,594,229,0,0,4.86667
2107639057,1,3,3000,6000,600,600,5998,4862,765,371,0,0,7.21667
2107639057,1,4,3000,3000,600,600,3000,2652,347,1,0,0,1.41667
2107639057,1,4,3000,1000,600,600,1000,971,28,1,0,0,0.0833333
2107639057,1,4,3000,2000,600,600,1999,1809,186,4,0,0,0.533333
2107639057,1,4,3000,4000,600,600,4000,3354,635,11,0,0,2.88333
2107639057,1,4,3000,5000,600,600,5000,4021,953,26,0,0,4.78333
2107639057,1,4,3000,6000,600,600,6000,4666,1287,47,0,0,7.41667
2107639057,1,5,3000,3000,600,600,2999,2725,222,52,0,0,1.51667
2107639057,1,5,3000,1000,600,600,999,976,22,1,0,0,0.0833333
2107639057,1,5,3000,2000,600,600,1998,1864,109,25,0,0,0.5
2107639057,1,5,3000,4000,600,600,4000,3465,410,125,0,0,3.01667
2107639057,1,5,3000,5000,600,600,4997,4178,589,230,0,0,4.76667
2107639057,1,5,3000,6000,600,600,5998,4877,746,375,0,0,7.2
917730186,1,1,3000,3000,600,600,3000,2599,394,7,0,0,1.43333
917730186,1,1,3000,1000,600,600,1000,957,43,0,0,0,0.0833333
917730186,1,1,3000,2000,600,600,2000,1775,220,5,0,0,0.5
917730186,1,1,3000,4000,600,600,3999,3340,653,6,0,0,2.88333
917730186,1,1,3000,5000,600,600,5000,3926,1041,33,0,0,4.85
917730186,1,1,3000,6000,600,600,5999,4547,1403,49,0,0,7.5
917730186,1,2,3000,3000,600,600,3000,2267,468,265,0,0,1.61667
917730186,1,2,3000,1000,600,600,1000,908,74,18,0,0,0.0833333
917730186,1,2,3000,2000,600,600,1997,1646,244,107,0,0,0.533333
917730186,1,2,3000,4000,600,600,3997,2671,773,553,0,0,2.93333
917730186,1,2,3000,5000,600,600,4996,2955,1039,1002,0,0,5
917730186,1,2,3000,6000,600,600,5994,3200,1277,1517,0,0,7.33333
917730186,1,3,3000,3000,600,600,3000,2726,213,61,0,0,1.41667
917730186,1,3,3000,1000,600,600,1000,968,29,3,0,0,0.0833333
917730186,1,3,3000,2000,600,600,1999,1840,134,25,0,0,0.5
917730186,1,3,3000,4000,600,600,3998,3487,380,131,0,0,2.76667
917730186,1,3,3000,5000,600,600,5000,4192,562,246,0,0,4.96667
917730186,1,3,3000,6000,600,600,5998,4791,785,422,0,0,7.21667
917730186,1,4,3000,3000,600,600,3000,2636,357,7,0,0,1.4
917730186,1,4,3000,1000,600,600,1000,961,39,0,0,0,0.0833333
917730186,1,4,3000,2000,600,600,2000,1798,197,5,0,0,0.55
917730186,1,4,3000,4000,600,600,3999,3393,599,7,0,0,3.01667
917730186,1,4,3000,5000,600,600,5000,4014,951,35,0,0,5.05
917730186,1,4,3000,6000,600,600,5999,4655,1290,54,0,0,7.53333
917730186,1,5,3000,3000,600,600,3000,2735,204,61,0,0,1.46667
917730186,1,5,3000,1000,600,600,1000,969,28,3,0,0,0.0833333
917730186,1,5,3000,2000,600,600,1999,1844,130,25,0,0,0.55
917730186,1,5,3000,4000,600,600,3998,3489,377,132,0,0,2.91667
917730186,1,5,3000,5000,600,600,5000,4189,558,253,0,0,4.55
917730186,1,5,3000,6000,600,600,5998,4786,784,428,0,0,7.4
3471437933,1,1,3000,3000,600,600,2999,2612,380,7,0,0,1.46667
3471437933,1,1,3000,1000,600,600,1000,955,44,1,0,0,0.0833333
3471437933,1,1,3000,2000,600,600,2000,1838,160,2,0,0,0.516667
3471437933,1,1,3000,4000,600,600,4000,3295,691,14,0,0,2.81667
3471437933,1,1,3000,5000,600,600,4999,3901,1076,22,0,0,4.75
3471437933,1,1,3000,6000,600,600,5999,4519,1431,49,0,0,7.4
3471437933,1,2,3000,3000,600,600,2997,2252,497,248,0,0,1.45
3471437933,1,2,3000,1000,600,600,999,899,87,13,0,0,0.0833333
3471437933,1,2,3000,2000,600,600,1994,1667,248,79,0,0,0.516667
3471437933,1,2,3000,4000,600,600,3999,2716,745,538,0,0,2.83333
3471437933,1,2,3000,5000,600,600,4997,2993,1066,938,0,0,4.76667
3471437933,1,2,3000,6000,600,600,5997,3197,1333,1467,0,0,7.33333
3471437933,1,3,3000,3000,600,600,2999,2732,213,54,0,0,1.45
3471437933,1,3,3000,1000,600,600,1000,970,29,1,0,0,0.0833333
3471437933,1,3,3000,2000,600,600,1997,1879,108,10,0,0,0.5
3471437933,1,3,3000,4000,600,600,4000,3484,397,119,0,0,2.86667
3471437933,1,3,3000,5000,600,600,4999,4154,632,213,0,0,4.86667
3471437933,1,3,3000,6000,600,600,5999,4813,837,349,0,0,7.58333
3471437933,1,4,3000,3000,600,600,2999,2637,355,7,0,0,1.46667
3471437933,1,4,3000,1000,600,600,1000,957,42,1,0,0,0.1
3471437933,1,4,3000,2000,600,600,2000,1847,151,2,0,0,0.516667
3471437933,1,4,3000,4000,600,600,4000,3349,636,15,0,0,2.98333
3471437933,1,4,3000,5000,600,600,4999,3983,992,24,0,0,4.85
3471437933,1,4,3000,6000,600,600,5999,4632,1315,52,0,0,6.91667
3471437933,1,5,3000,3000,600,600,2998,2739,205,54,0,0,1.48333
3471437933,1,5,3000,1000,600,600,1000,973,26,1,0,0,0.0833333
3471437933,1,5,3000,2000,600,600,1997,1878,109,10,0,0,0.516667
3471437933,1,5,3000,4000,600,600,4000,3492,388,120,0,0,2.9
3471437933,1,5,3000,5000,600,600,4999,4157,626,216,0,0,4.88333
3471437933,1,5,3000,6000,600,600,5999,4826,814,359,0,0,7.28333
3183616372,1,1,3000,3000,600,600,3000,2615,379,6,0,0,1.41667
3183616372,1,1,3000,1000,600,600,1000,971,29,0,0,0,0.1
3183616372,1,1,3000,2000,600,600,2000,1816,181,3,0,0,0.55
3183616372,1,1,3000,4000,600,600,4000,3330,663,7,0,0,2.9
3183616372,1,1,3000,5000,600,600,4999,3976,1003,20,0,0,4.83333
3183616372,1,1,3000,6000,600,600,6000,4550,1408,42,0,0,7.03333
3183616372,1,2,3000,3000,600,600,3000,2223,494,283,0,0,1.41667
3183616372,1,2,3000,1000,600,600,1000,942,49,9,0,0,0.0833333
3183616372,1,2,3000,2000,600,600,1999,1646,259,94,0,0,0.533333
3183616372,1,2,3000,4000,600,600,3999,2749,738,512,0,0,2.88333
3183616372,1,2,3000,5000,600,600,4996,3019,1028,949,0,0,4.95
3183616372,1,2,3000,6000,600,600,5998,3234,1288,1476,0,0,7.31667
3183616372,1,3,3000,3000,600,600,3000,2740,219,41,0,0,1.6
3183616372,1,3,3000,1000,600,600,1000,988,12,0,0,0,0.0833333
3183616372,1,3,3000,2000,600,600,2000,1869,116,15,0,0,0.583333
3183616372,1,3,3000,4000,600,600,3999,3530,376,93,0,0,2.9
3183616372,1,3,3000,5000,600,600,4998,4157,613,228,0,0,4.96667
3183616372,1,3,3000,6000,600,600,6000,4831,823,346,0,0,7.31667
3183616372,1,4,3000,3000,600,600,3000,2652,342,6,0,0,1.31667
3183616372,1,4,3000,1000,600,600,1000,975,25,0,0,0,0.0833333
3183616372,1,4,3000,2000,600,600,2000,1830,167,3,0,0,0.583333
3183616372,1,4,3000,4000,600,600,4000,3396,597,7,0,0,3.1
3183616372,1,4,3000,5000,600,600,4999,4071,904,24,0,0,4.91667
3183616372,1,4,3000,6000,600,600,6000,4661,1292,47,0,0,7.38333
3183616372,1,5,3000,3000,600,600,3000,2744,214,42,0,0,1.61667
3183616372,1,5,3000,1000,600,600,1000,991,9,0,0,0,0.0833333
3183616372,1,5,3000,2000,600,600,2000,1876,109,15,0,0,0.566667
3183616372,1,5,3000,4000,600,600,3999,3534,371,94,0,0,2.83333
3183616372,1,5,3000,5000,600,600,4998,4166,604,228,0,0,4.81667
3183616372,1,5,3000,6000,600,600,6000,4840,809,351,0,0,7.41667
4167598625,1,1,3000,3000,600,600,3000,2607,388,5,0,0,1.43333
4167598625,1,1,3000,1000,600,600,1000,945,55,0,0,0,0.0833333
4167598625,1,1,3000,2000,600,600,1999,1813,186,0,0,0,0.533333
4167598625,1,1,3000,4000,600,600,4000,3377,618,5,0,0,2.75
4167598625,1,1,3000,5000,600,600,5000,3935,1038,27,0,0,4.96667
4167598625,1,1,3000,6000,600,600,5998,4604,1361,33,0,0,7.21667
4167598625,1,2,3000,3000,600,600,3000,2241,472,287,0,0,1.46667
4167598625,1,2,3000,1000,600,600,999,923,61,15,0,0,0.0833333
4167598625,1,2,3000,2000,600,600,1998,1640,254,104,0,0,0.55
4167598625,1,2,3000,4000,600,600,3997,2723,727,547,0,0,3.11667
4167598625,1,2,3000,5000,600,600,4998,2980,1036,982,0,0,4.78333
4167598625,1,2,3000,6000,600,600,5996,3312,1241,1443,0,0,7.3
4167598625,1,3,3000,3000,600,600,3000,2724,234,42,0,0,1.53333
4167598625,1,3,3000,1000,600,600,1000,966,32,2,0,0,0.0833333
4167598625,1,3,3000,2000,600,600,1998,1868,113,17,0,0,0.533333
4167598625,1,3,3000,4000,600,600,3999,3552,342,105,0,0,2.91667
4167598625,1,3,3000,5000,600,600,4999,4193,576,230,0,0,4.56667
4167598625,1,3,3000,6000,600,600,5998,4829,798,371,0,0,7.38333
4167598625,1,4,3000,3000,600,600,3000,2638,357,5,0,0,1.45
4167598625,1,4,3000,1000,600,600,1000,952,48,0,0,0,0.0833333
4167598625,1,4,3000,2000,600,600,1999,1830,169,0,0,0,0.516667
4167598625,1,4,3000,4000,600,600,4000,3444,549,7,0,0,2.98333
4167598625,1,4,3000,5000,600,600,5000,4027,940,33,0,0,4.86667
4167598625,1,4,3000,6000,600,600,5998,4695,1263,40,0,0,7.36667
4167598625,1,5,3000,3000,600,600,3000,2726,232,42,0,0,1.53333
4167598625,1,5,3000,1000,600,600,1000,964,34,2,0,0,0.0833333
4167598625,1,5,3000,2000,600,600,1998,1871,109,18,0,0,0.583333
4167598625,1,5,3000,4000,600,600,3999,3562,329,108,0,0,2.83333
4167598625,1,5,3000,5000,600,600,4999,4214,556,229,0,0,4.66667
4167598625,1,5,3000,6000,600,600,5998,4825,793,380,0,0,7.28333
1819121659,1,1,3000,3000,600,600,2999,2607,381,11,0,0,1.46667
1819121659,1,1,3000,1000,600,600,1000,928,72,0,0,0,0.0833333
1819121659,1,1,3000,2000,600,600,2000,1840,160,0,0,0,0.533333
1819121659,1,1,3000,4000,600,600,3999,3272,715,12,0,0,2.91667
1819121659,1,1,3000,5000,600,600,4999,3951,1030,18,0,0,4.95
1819121659,1,1,3000,6000,600,600,6000,4544,1412,44,0,0,7.5
1819121659,1,2,3000,3000,600,600,2996,2258,481,257,0,0,1.55
1819121659,1,2,3000,1000,600,600,999,927,60,12,0,0,0.0833333
1819121659,1,2,3000,2000,600,600,1999,1686,236,77,0,0,0.55
1819121659,1,2,3000,4000,600,600,3995,2671,727,597,0,0,2.98333
1819121659,1,2,3000,5000,600,600,4998,2914,1059,1025,0,0,4.81667
1819121659,1,2,3000,6000,600,600,5997,3254,1301,1442,0,0,6.8
1819121659,1,3,3000,3000,600,600,2998,2696,241,61,0,0,1.48333
1819121659,1,3,3000,1000,600,600,1000,960,38,2,0,0,0.0833333
1819121659,1,3,3000,2000,600,600,1999,1884,98,17,0,0,0.5
1819121659,1,3,3000,4000,600,600,3998,3453,435,110,0,0,3
1819121659,1,3,3000,5000,600,600,4998,4145,628,225,0,0,4.96667
1819121659,1,3,3000,6000,600,600,5999,4852,799,348,0,0,7.28333
1819121659,1,4,3000,3000,600,600,2999,2642,346,11,0,0,1.48333
1819121659,1,4,3000,1000,600,600,1000,940,60,0,0,0,0.0833333
1819121659,1,4,3000,2000,600,600,2000,1856,143,1,0,0,0.583333
1819121659,1,4,3000,4000,600,600,3999,3352,634,13,0,0,3.03333
1819121659,1,4,3000,5000,600,600,4999,4037,941,21,0,0,4.91667
1819121659,1,4,3000,6000,600,600,6000,4667,1283,50,0,0,7.2
1819121659,1,5,3000,3000,600,600,2998,2698,238,62,0,0,1.48333
1819121659,1,5,3000,1000,600,600,1000,959,39,2,0,0,0.0833333
1819121659,1,5,3000,2000,600,600,1999,1885,97,17,0,0,0.55
1819121659,1,5,3000,4000,600,600,3998,3452,435,111,0,0,2.83333
1819121659,1,5,3000,5000,600,600,4998,4165,604,229,0,0,4.88333
1819121659,1,5,3000,6000,600,600,5999,4827,819,353,0,0,7.71667