RunSeed,Seed,Algoritmo,Radius,nDevices,appPeriodSeconds,simulationTime,PHYTotal,PHYSuccessful,PHYInterfered,PHYNoMoreReceivers,PHYUnderSensitivity,PHYLostBecauseTX,SimulationDuration,targetRealocation
2634358943,1,1,6000,6000,600,600,5999,2465,408,4,3122,0,4.18333,5
2634358943,1,1,6000,1000,600,600,1000,466,8,0,526,0,0.1,5
2634358943,1,1,6000,2000,600,600,2000,916,49,0,1035,0,0.433333,5
2634358943,1,1,6000,3000,600,600,3000,1334,122,4,1540,0,1,5
2634358943,1,1,6000,4000,600,600,4000,1714,195,4,2087,0,1.8,5
2634358943,1,1,6000,5000,600,600,5000,2109,288,4,2599,0,2.83333,5
2634358943,1,2,6000,6000,600,600,5992,3220,1305,1467,0,0,4.18333,5
2634358943,1,2,6000,1000,600,600,1000,928,60,12,0,0,0.116667,5
2634358943,1,2,6000,2000,600,600,1998,1682,228,88,0,0,0.45,5
2634358943,1,2,6000,3000,600,600,2998,2241,506,251,0,0,1.01667,5
2634358943,1,2,6000,4000,600,600,3998,2647,773,578,0,0,1.8,5
2634358943,1,2,6000,5000,600,600,4995,2959,1069,967,0,0,2.88333,5
2634358943,1,3,6000,6000,600,600,5998,3631,568,293,1506,0,4.15,5
2634358943,1,3,6000,1000,600,600,1000,690,17,2,291,0,0.1,5
2634358943,1,3,6000,2000,600,600,2000,1385,69,10,536,0,0.45,5
2634358943,1,3,6000,3000,600,600,3000,2023,183,42,752,0,1.01667,5
2634358943,1,3,6000,4000,600,600,3999,2585,268,88,1058,0,1.8,5
2634358943,1,3,6000,5000,600,600,4996,3126,418,181,1271,0,2.86667,5
2634358943,1,4,6000,6000,600,600,5992,3436,1276,1280,0,0,4.16667,5
2634358943,1,4,6000,1000,600,600,1000,931,57,12,0,0,0.1,5
2634358943,1,4,6000,2000,600,600,1998,1721,207,70,0,0,0.45,5
2634358943,1,4,6000,3000,600,600,2998,2355,448,195,0,0,1.01667,5
2634358943,1,4,6000,4000,600,600,3998,2786,740,472,0,0,1.8,5
2634358943,1,4,6000,5000,600,600,4994,3138,1038,818,0,0,2.88333,5
2634358943,1,5,6000,6000,600,600,5994,2849,1283,1527,335,0,4.18333,5
2634358943,1,5,6000,1000,600,600,1000,847,64,14,75,0,0.116667,5
2634358943,1,5,6000,2000,600,600,1998,1515,246,80,157,0,0.433333,5
2634358943,1,5,6000,3000,600,600,2998,2040,478,259,221,0,1.01667,5
2634358943,1,5,6000,4000,600,600,3999,2381,749,605,264,0,1.81667,5
2634358943,1,5,6000,5000,600,600,4994,2679,999,1026,290,0,2.86667,5
2634358943,1,8,6000,6000,600,600,5992,124,2236,3632,0,0,4.18333,5
2634358943,1,8,6000,1000,600,600,998,334,575,89,0,0,0.1,5
2634358943,1,8,6000,2000,600,600,1997,301,1221,475,0,0,0.433333,5
2634358943,1,8,6000,3000,600,600,2996,253,1652,1091,0,0,1,5
2634358943,1,8,6000,4000,600,600,3996,184,1935,1877,0,0,1.8,5
2634358943,1,8,6000,5000,600,600,4994,142,2098,2754,0,0,2.85,5
1171249837,1,1,6000,6000,600,600,6000,2566,441,10,2983,0,4.11667,5
1171249837,1,1,6000,1000,600,600,1000,481,9,0,510,0,0.116667,5
1171249837,1,1,6000,2000,600,600,2000,948,52,0,1000,0,0.433333,5
1171249837,1,1,6000,3000,600,600,3000,1359,131,5,1505,0,1,5
1171249837,1,1,6000,4000,600,600,3999,1791,180,3,2025,0,1.8,5
1171249837,1,1,6000,5000,600,600,5000,2220,288,3,2489,0,2.81667,5
1171249837,1,2,6000,6000,600,600,5996,3172,1294,1530,0,0,4.15,5
1171249837,1,2,6000,1000,600,600,999,896,91,12,0,0,0.116667,5
1171249837,1,2,6000,2000,600,600,1997,1666,235,96,0,0,0.45,5
1171249837,1,2,6000,3000,600,600,2999,2196,519,284,0,0,1.01667,5
1171249837,1,2,6000,4000,600,600,3996,2676,751,569,0,0,1.8,5
1171249837,1,2,6000,5000,600,600,4995,3008,996,991,0,0,2.83333,5
1171249837,1,3,6000,6000,600,600,5999,3843,590,302,1264,0,4.1,5
1171249837,1,3,6000,1000,600,600,1000,743,20,5,232,0,0.116667,5
1171249837,1,3,6000,2000,600,600,2000,1459,85,10,446,0,0.433333,5
1171249837,1,3,6000,3000,600,600,2999,2109,179,42,669,0,1,5
1171249837,1,3,6000,4000,600,600,3998,2706,277,99,916,0,1.8,5
1171249837,1,3,6000,5000,600,600,5000,3282,439,211,1068,0,2.8,5
1171249837,1,4,6000,6000,600,600,5998,3553,1237,1208,0,0,4.13333,5
1171249837,1,4,6000,1000,600,600,999,920,68,11,0,0,0.116667,5
1171249837,1,4,6000,2000,600,600,1997,1728,200,69,0,0,0.433333,5
1171249837,1,4,6000,3000,600,600,2998,2307,477,214,0,0,1.26667,5
1171249837,1,4,6000,4000,600,600,3996,2869,678,449,0,0,1.8,5
1171249837,1,4,6000,5000,600,600,4995,3272,947,776,0,0,2.81667,5
1171249837,1,5,6000,6000,600,600,5997,2947,1261,1487,302,0,4.1,5
1171249837,1,5,6000,1000,600,600,1000,879,53,10,58,0,0.1,5
1171249837,1,5,6000,2000,600,600,1998,1556,223,90,129,0,0.433333,5
1171249837,1,5,6000,3000,600,600,3000,2090,453,269,188,0,1,5
1171249837,1,5,6000,4000,600,600,3998,2439,737,570,252,0,1.78333,5
1171249837,1,5,6000,5000,600,600,4998,2782,954,982,280,0,2.81667,5
1171249837,1,8,6000,6000,600,600,5995,120,2235,3640,0,0,4.2,5
1171249837,1,8,6000,1000,600,600,998,347,575,76,0,0,0.116667,5
1171249837,1,8,6000,2000,600,600,1995,330,1193,472,0,0,0.433333,5
1171249837,1,8,6000,3000,600,600,2994,231,1652,1111,0,0,1,5
1171249837,1,8,6000,4000,600,600,3994,162,1941,1891,0,0,1.8,5
1171249837,1,8,6000,5000,600,600,4992,137,2118,2737,0,0,2.85,5
204187007,1,1,6000,6000,600,600,6000,2535,448,8,3009,0,4.11667,5
204187007,1,1,6000,1000,600,600,1000,470,19,0,511,0,0.116667,5
204187007,1,1,6000,2000,600,600,2000,949,55,0,996,0,0.433333,5
204187007,1,1,6000,3000,600,600,3000,1374,115,4,1507,0,1,5
204187007,1,1,6000,4000,600,600,4000,1755,227,0,2018,0,1.78333,5
204187007,1,1,6000,5000,600,600,5000,2170,304,5,2521,0,2.78333,5
204187007,1,2,6000,6000,600,600,5994,3173,1297,1524,0,0,4.1,5
204187007,1,2,6000,1000,600,600,1000,906,80,14,0,0,0.116667,5
204187007,1,2,6000,2000,600,600,2000,1675,229,96,0,0,0.45,5
204187007,1,2,6000,3000,600,600,2998,2228,513,257,0,0,1,5
204187007,1,2,6000,4000,600,600,3995,2650,765,580,0,0,1.8,5
204187007,1,2,6000,5000,600,600,4995,2972,1054,969,0,0,2.83333,5
204187007,1,3,6000,6000,600,600,5998,3813,614,291,1280,0,4.11667,5
204187007,1,3,6000,1000,600,600,1000,722,34,2,242,0,0.116667,5
204187007,1,3,6000,2000,600,600,2000,1469,79,5,447,0,0.45,5
204187007,1,3,6000,3000,600,600,3000,2086,179,49,686,0,1,5
204187007,1,3,6000,4000,600,600,3998,2674,319,89,916,0,1.8,5
204187007,1,3,6000,5000,600,600,4999,3259,441,166,1133,0,2.81667,5
204187007,1,4,6000,6000,600,600,5994,3518,1247,1229,0,0,4.11667,5
204187007,1,4,6000,1000,600,600,1000,917,74,9,0,0,0.116667,5
204187007,1,4,6000,2000,600,600,2000,1737,194,69,0,0,0.433333,5
204187007,1,4,6000,3000,600,600,2998,2349,453,196,0,0,1.01667,5
204187007,1,4,6000,4000,600,600,3996,2894,674,428,0,0,1.78333,5
204187007,1,4,6000,5000,600,600,4995,3204,1014,777,0,0,2.81667,5
204187007,1,5,6000,6000,600,600,5994,3000,1206,1483,305,0,4.11667,5
204187007,1,5,6000,1000,600,600,999,848,78,15,58,0,0.1,5
204187007,1,5,6000,2000,600,600,2000,1573,204,81,142,0,0.45,5
204187007,1,5,6000,3000,600,600,2997,2098,412,286,201,0,1,5
204187007,1,5,6000,4000,600,600,3996,2496,706,536,258,0,1.8,5
204187007,1,5,6000,5000,600,600,4996,2799,938,980,279,0,2.83333,5
204187007,1,8,6000,6000,600,600,5994,109,2243,3642,0,0,4.18333,5
204187007,1,8,6000,1000,600,600,996,365,536,95,0,0,0.1,5
204187007,1,8,6000,2000,600,600,2000,278,1243,479,0,0,0.433333,5
204187007,1,8,6000,3000,600,600,2996,231,1644,1121,0,0,0.983333,5
204187007,1,8,6000,4000,600,600,3994,201,1902,1891,0,0,1.8,5
204187007,1,8,6000,5000,600,600,4993,149,2104,2740,0,0,2.86667,5
3265254159,1,1,6000,6000,600,600,6000,2541,449,15,2995,0,4.11667,5
3265254159,1,1,6000,1000,600,600,1000,485,20,0,495,0,0.116667,5
3265254159,1,1,6000,2000,600,600,2000,966,41,1,992,0,0.433333,5
3265254159,1,1,6000,3000,600,600,3000,1372,119,1,1508,0,1,5
3265254159,1,1,6000,4000,600,600,4000,1795,222,4,1979,0,1.78333,5
3265254159,1,1,6000,5000,600,600,5000,2182,324,7,2487,0,2.8,5
3265254159,1,2,6000,6000,600,600,5998,3136,1327,1535,0,0,4.13333,5
3265254159,1,2,6000,1000,600,600,1000,906,78,16,0,0,0.1,5
3265254159,1,2,6000,2000,600,600,1999,1643,270,86,0,0,0.433333,5
3265254159,1,2,6000,3000,600,600,2997,2264,477,256,0,0,1,5
3265254159,1,2,6000,4000,600,600,3998,2708,717,573,0,0,1.81667,5
3265254159,1,2,6000,5000,600,600,4995,2977,1009,1009,0,0,2.85,5
3265254159,1,3,6000,6000,600,600,5999,3727,616,348,1308,0,4.13333,5
3265254159,1,3,6000,1000,600,600,1000,759,20,3,218,0,0.116667,5
3265254159,1,3,6000,2000,600,600,2000,1482,66,19,433,0,0.433333,5
3265254159,1,3,6000,3000,600,600,3000,2100,169,44,687,0,1,5
3265254159,1,3,6000,4000,600,600,4000,2706,319,99,876,0,1.78333,5
3265254159,1,3,6000,5000,600,600,5000,3251,461,190,1098,0,2.81667,5
3265254159,1,4,6000,6000,600,600,5998,3425,1302,1271,0,0,4.11667,5
3265254159,1,4,6000,1000,600,600,1000,928,62,10,0,0,0.116667,5
3265254159,1,4,6000,2000,600,600,1999,1726,219,54,0,0,0.45,5
3265254159,1,4,6000,3000,600,600,2998,2380,435,183,0,0,1,5
3265254159,1,4,6000,4000,600,600,3999,2878,692,429,0,0,1.8,5
3265254159,1,4,6000,5000,600,600,4997,3258,956,783,0,0,2.83333,5
3265254159,1,5,6000,6000,600,600,5997,2961,1214,1490,332,0,4.1,5
3265254159,1,5,6000,1000,600,600,998,853,61,18,66,0,0.116667,5
3265254159,1,5,6000,2000,600,600,1998,1563,226,83,126,0,0.433333,5
3265254159,1,5,6000,3000,600,600,2997,2092,460,262,183,0,1,5
3265254159,1,5,6000,4000,600,600,3997,2527,662,576,232,0,1.8,5
3265254159,1,5,6000,5000,600,600,4995,2766,975,981,273,0,2.83333,5
3265254159,1,8,6000,6000,600,600,5994,112,2238,3644,0,0,4.16667,5
3265254159,1,8,6000,1000,600,600,996,387,526,83,0,0,0.116667,5
3265254159,1,8,6000,2000,600,600,1996,303,1203,490,0,0,0.433333,5
3265254159,1,8,6000,3000,600,600,2995,223,1648,1124,0,0,0.983333,5
3265254159,1,8,6000,4000,600,600,3995,177,1925,1893,0,0,1.8,5
3265254159,1,8,6000,5000,600,600,4994,151,2104,2739,0,0,2.85,5
2160298830,1,1,6000,6000,600,600,6000,2544,476,10,2970,0,4.1,5
2160298830,1,1,6000,1000,600,600,1000,477,10,0,513,0,0.116667,5
2160298830,1,1,6000,2000,600,600,2000,964,56,1,979,0,0.433333,5
2160298830,1,1,6000,3000,600,600,2998,1399,127,1,1471,0,0.983333,5
2160298830,1,1,6000,4000,600,600,4000,1833,199,4,1964,0,1.78333,5
2160298830,1,1,6000,5000,600,600,5000,2222,301,7,2470,0,2.81667,5
2160298830,1,2,6000,6000,600,600,5996,3190,1344,1462,0,0,4.15,5
2160298830,1,2,6000,1000,600,600,1000,910,73,17,0,0,0.116667,5
2160298830,1,2,6000,2000,600,600,1999,1688,237,74,0,0,0.45,5
2160298830,1,2,6000,3000,600,600,2995,2212,505,278,0,0,1,5
2160298830,1,2,6000,4000,600,600,3998,2677,735,586,0,0,1.78333,5
2160298830,1,2,6000,5000,600,600,4997,2914,1042,1041,0,0,2.81667,5
2160298830,1,3,6000,6000,600,600,5998,3793,638,329,1238,0,4.11667,5
2160298830,1,3,6000,1000,600,600,1000,728,18,4,250,0,0.116667,5
2160298830,1,3,6000,2000,600,600,2000,1476,94,11,419,0,0.45,5
2160298830,1,3,6000,3000,600,600,2998,2133,195,49,621,0,1,5
2160298830,1,3,6000,4000,600,600,3998,2756,287,117,838,0,1.8,5
2160298830,1,3,6000,5000,600,600,4999,3341,405,200,1053,0,2.83333,5
2160298830,1,4,6000,6000,600,600,5996,3583,1238,1175,0,0,4.15,5
2160298830,1,4,6000,1000,600,600,1000,924,62,14,0,0,0.1,5
2160298830,1,4,6000,2000,600,600,1999,1737,208,54,0,0,0.433333,5
2160298830,1,4,6000,3000,600,600,2995,2372,424,199,0,0,1,5
2160298830,1,4,6000,4000,600,600,3998,2889,668,441,0,0,1.8,5
2160298830,1,4,6000,5000,600,600,4998,3189,996,813,0,0,2.83333,5
2160298830,1,5,6000,6000,600,600,5996,3050,1219,1442,285,0,4.13333,5
2160298830,1,5,6000,1000,600,600,1000,841,65,12,82,0,0.1,5
2160298830,1,5,6000,2000,600,600,2000,1570,217,81,132,0,0.433333,5
2160298830,1,5,6000,3000,600,600,2995,2072,458,291,174,0,1,5
2160298830,1,5,6000,4000,600,600,3997,2500,709,577,211,0,1.8,5
2160298830,1,5,6000,5000,600,600,4997,2819,908,1021,249,0,2.83333,5
2160298830,1,8,6000,6000,600,600,5996,127,2247,3622,0,0,4.2,5
2160298830,1,8,6000,1000,600,600,999,363,544,92,0,0,0.116667,5
2160298830,1,8,6000,2000,600,600,1996,315,1229,452,0,0,0.433333,5
2160298830,1,8,6000,3000,600,600,2993,239,1639,1115,0,0,1,5
2160298830,1,8,6000,4000,600,600,3997,171,1938,1888,0,0,1.81667,5
2160298830,1,8,6000,5000,600,600,4994,134,2112,2748,0,0,2.81667,5
1006785249,1,1,6000,6000,600,600,5999,2522,422,11,3044,0,4.1,5
1006785249,1,1,6000,1000,600,600,1000,510,8,0,482,0,0.116667,5
1006785249,1,1,6000,2000,600,600,2000,911,59,0,1030,0,0.45,5
1006785249,1,1,6000,3000,600,600,3000,1368,119,0,1513,0,0.983333,5
1006785249,1,1,6000,4000,600,600,4000,1792,193,3,2012,0,1.78333,5
1006785249,1,1,6000,5000,600,600,5000,2149,321,5,2525,0,2.81667,5
1006785249,1,2,6000,6000,600,600,5994,3235,1306,1453,0,0,4.13333,5
1006785249,1,2,6000,1000,600,600,1000,942,48,10,0,0,0.116667,5
1006785249,1,2,6000,2000,600,600,1999,1651,256,92,0,0,0.45,5
1006785249,1,2,6000,3000,600,600,2999,2238,506,255,0,0,1,5
1006785249,1,2,6000,4000,600,600,3997,2703,762,532,0,0,1.8,5
1006785249,1,2,6000,5000,600,600,4998,2961,1058,979,0,0,2.83333,5
1006785249,1,3,6000,6000,600,600,5996,3756,600,284,1356,0,4.11667,5
1006785249,1,3,6000,1000,600,600,1000,781,21,2,196,0,0.1,5
1006785249,1,3,6000,2000,600,600,2000,1386,79,20,515,0,0.433333,5
1006785249,1,3,6000,3000,600,600,3000,2117,164,23,696,0,1,5
1006785249,1,3,6000,4000,600,600,3998,2698,294,86,920,0,1.8,5
1006785249,1,3,6000,5000,600,600,4999,3242,452,176,1129,0,2.85,5
1006785249,1,4,6000,6000,600,600,5994,3556,1285,1153,0,0,4.13333,5
1006785249,1,4,6000,1000,600,600,1000,947,46,7,0,0,0.1,5
1006785249,1,4,6000,2000,600,600,1999,1671,253,75,0,0,0.433333,5
1006785249,1,4,6000,3000,600,600,2998,2356,450,192,0,0,1,5
1006785249,1,4,6000,4000,600,600,3997,2849,738,410,0,0,1.8,5
1006785249,1,4,6000,5000,600,600,4998,3240,1009,749,0,0,2.81667,5
1006785249,1,5,6000,6000,600,600,5994,2940,1245,1493,316,0,4.13333,5
1006785249,1,5,6000,1000,600,600,999,859,62,13,65,0,0.1,5
1006785249,1,5,6000,2000,600,600,2000,1552,220,95,133,0,0.433333,5
1006785249,1,5,6000,3000,600,600,3000,2142,443,241,174,0,1,5
1006785249,1,5,6000,4000,600,600,3995,2521,700,538,236,0,1.8,5
1006785249,1,5,6000,5000,600,600,4995,2831,931,953,280,0,2.85,5
1006785249,1,8,6000,6000,600,600,5992,102,2270,3620,0,0,4.16667,5
1006785249,1,8,6000,1000,600,600,998,369,540,89,0,0,0.116667,5
1006785249,1,8,6000,2000,600,600,1997,306,1196,495,0,0,0.433333,5
1006785249,1,8,6000,3000,600,600,2996,211,1679,1106,0,0,0.983333,5
1006785249,1,8,6000,4000,600,600,3995,159,1941,1895,0,0,1.8,5
1006785249,1,8,6000,5000,600,600,4994,129,2124,2741,0,0,2.83333,5
3853694021,1,1,6000,6000,600,600,6000,2492,465,10,3033,0,4.11667,5
3853694021,1,1,6000,1000,600,600,1000,493,12,0,495,0,0.1,5
3853694021,1,1,6000,2000,600,600,1999,938,62,0,999,0,0.433333,5
3853694021,1,1,6000,3000,600,600,3000,1392,105,0,1503,0,1,5
3853694021,1,1,6000,4000,600,600,4000,1741,253,6,2000,0,1.78333,5
3853694021,1,1,6000,5000,600,600,5000,2180,297,5,2518,0,2.8,5
3853694021,1,2,6000,6000,600,600,5999,3187,1329,1483,0,0,4.13333,5
3853694021,1,2,6000,1000,600,600,999,919,72,8,0,0,0.116667,5
3853694021,1,2,6000,2000,600,600,1998,1678,233,87,0,0,0.433333,5
3853694021,1,2,6000,3000,600,600,2997,2309,449,239,0,0,1,5
3853694021,1,2,6000,4000,600,600,3997,2671,777,549,0,0,1.8,5
3853694021,1,2,6000,5000,600,600,4994,3081,960,953,0,0,2.85,5
3853694021,1,3,6000,6000,600,600,5998,3723,609,318,1348,0,4.15,5
3853694021,1,3,6000,1000,600,600,999,763,15,1,220,0,0.116667,5
3853694021,1,3,6000,2000,600,600,1999,1456,83,13,447,0,0.45,5
3853694021,1,3,6000,3000,600,600,2998,2138,166,19,675,0,1,5
3853694021,1,3,6000,4000,600,600,4000,2659,350,110,881,0,1.78333,5
3853694021,1,3,6000,5000,600,600,5000,3294,427,178,1101,0,2.83333,5
3853694021,1,4,6000,6000,600,600,5997,3508,1316,1173,0,0,4.13333,5
3853694021,1,4,6000,1000,600,600,999,937,56,6,0,0,0.116667,5
3853694021,1,4,6000,2000,600,600,1999,1743,191,65,0,0,0.45,5
3853694021,1,4,6000,3000,600,600,2996,2395,440,161,0,0,1,5
3853694021,1,4,6000,4000,600,600,3997,2867,720,410,0,0,1.8,5
3853694021,1,4,6000,5000,600,600,4996,3273,965,758,0,0,2.83333,5
3853694021,1,5,6000,6000,600,600,5998,3018,1239,1438,303,0,4.13333,5
3853694021,1,5,6000,1000,600,600,998,863,61,11,63,0,0.116667,5
3853694021,1,5,6000,2000,600,600,1999,1574,210,75,140,0,0.45,5
3853694021,1,5,6000,3000,600,600,2997,2141,446,231,179,0,1,5
3853694021,1,5,6000,4000,600,600,3996,2472,725,553,246,0,1.8,5
3853694021,1,5,6000,5000,600,600,4997,2795,973,955,274,0,2.85,5
3853694021,1,8,6000,6000,600,600,5994,124,2246,3624,0,0,4.18333,5
3853694021,1,8,6000,1000,600,600,996,362,558,76,0,0,0.116667,5
3853694021,1,8,6000,2000,600,600,1998,319,1214,465,0,0,0.433333,5
3853694021,1,8,6000,3000,600,600,2993,207,1674,1112,0,0,0.983333,5
3853694021,1,8,6000,4000,600,600,3993,157,1949,1887,0,0,1.78333,5
3853694021,1,8,6000,5000,600,600,4993,148,2103,2742,0,0,2.83333,5
4100631744,1,1,6000,6000,600,600,6000,2509,459,11,3021,0,4.1,5
4100631744,1,1,6000,1000,600,600,1000,507,25,0,468,0,0.1,5
4100631744,1,1,6000,2000,600,600,2000,964,62,0,974,0,0.433333,5
4100631744,1,1,6000,3000,600,600,3000,1422,101,3,1474,0,1,5
4100631744,1,1,6000,4000,600,600,4000,1829,206,2,1963,0,1.8,5
4100631744,1,1,6000,5000,600,600,5000,2228,290,3,2479,0,2.81667,5
4100631744,1,2,6000,6000,600,600,5996,3248,1278,1470,0,0,4.1,5
4100631744,1,2,6000,1000,600,600,999,911,69,19,0,0,0.1,5
4100631744,1,2,6000,2000,600,600,1996,1642,266,88,0,0,0.433333,5
4100631744,1,2,6000,3000,600,600,2996,2213,499,284,0,0,1,5
4100631744,1,2,6000,4000,600,600,3998,2682,742,574,0,0,1.78333,5
4100631744,1,2,6000,5000,600,600,4994,2975,1050,969,0,0,2.81667,5
4100631744,1,3,6000,6000,600,600,6000,3806,600,295,1299,0,4.11667,5
4100631744,1,3,6000,1000,600,600,999,816,30,5,148,0,0.1,5
4100631744,1,3,6000,2000,600,600,1997,1514,93,12,378,0,0.433333,5
4100631744,1,3,6000,3000,600,600,2999,2194,158,49,598,0,0.983333,5
4100631744,1,3,6000,4000,600,600,3999,2800,330,77,792,0,1.8,5
4100631744,1,3,6000,5000,600,600,5000,3349,441,179,1031,0,2.83333,5
4100631744,1,4,6000,6000,600,600,5995,3572,1259,1164,0,0,4.15,5
4100631744,1,4,6000,1000,600,600,999,927,60,12,0,0,0.116667,5
4100631744,1,4,6000,2000,600,600,1996,1739,202,55,0,0,0.433333,5
4100631744,1,4,6000,3000,600,600,2998,2375,439,184,0,0,1,5
4100631744,1,4,6000,4000,600,600,3998,2925,650,423,0,0,1.78333,5
4100631744,1,4,6000,5000,600,600,4996,3278,978,740,0,0,2.83333,5
4100631744,1,5,6000,6000,600,600,5995,3058,1227,1401,309,0,4.13333,5
4100631744,1,5,6000,1000,600,600,999,896,50,14,39,0,0.116667,5
4100631744,1,5,6000,2000,600,600,1994,1577,232,80,105,0,0.45,5
4100631744,1,5,6000,3000,600,600,2998,2110,450,266,172,0,1,5
4100631744,1,5,6000,4000,600,600,3998,2567,679,534,218,0,1.8,5
4100631744,1,5,6000,5000,600,600,4996,2803,984,944,265,0,2.83333,5
4100631744,1,8,6000,6000,600,600,5993,131,2227,3635,0,0,4.18333,5
4100631744,1,8,6000,1000,600,600,999,351,551,97,0,0,0.116667,5
4100631744,1,8,6000,2000,600,600,1994,312,1191,491,0,0,0.433333,5
4100631744,1,8,6000,3000,600,600,2994,230,1654,1110,0,0,0.983333,5
4100631744,1,8,6000,4000,600,600,3995,189,1915,1891,0,0,1.8,5
4100631744,1,8,6000,5000,600,600,4995,136,2116,2743,0,0,2.83333,5
4151262620,1,1,6000,6000,600,600,6000,2537,409,14,3040,0,4.13333,5
4151262620,1,1,6000,1000,600,600,1000,491,13,0,496,0,0.116667,5
4151262620,1,1,6000,2000,600,600,2000,962,50,1,987,0,0.433333,5
4151262620,1,1,6000,3000,600,600,3000,1351,143,1,1505,0,0.983333,5
4151262620,1,1,6000,4000,600,600,4000,1760,209,3,2028,0,1.8,5
4151262620,1,1,6000,5000,600,600,5000,2114,313,5,2568,0,2.81667,5
4151262620,1,2,6000,6000,600,600,5994,3251,1299,1444,0,0,4.13333,5
4151262620,1,2,6000,1000,600,600,1000,912,77,11,0,0,0.116667,5
4151262620,1,2,6000,2000,600,600,2000,1699,217,84,0,0,0.433333,5
4151262620,1,2,6000,3000,600,600,2997,2251,464,282,0,0,1,5
4151262620,1,2,6000,4000,600,600,3996,2671,752,573,0,0,1.8,5
4151262620,1,2,6000,5000,600,600,4997,2998,998,1001,0,0,2.81667,5
4151262620,1,3,6000,6000,600,600,5998,3775,586,296,1341,0,4.13333,5
4151262620,1,3,6000,1000,600,600,1000,768,23,0,209,0,0.116667,5
4151262620,1,3,6000,2000,600,600,2000,1498,73,11,418,0,0.45,5
4151262620,1,3,6000,3000,600,600,3000,2091,189,42,678,0,0.983333,5
4151262620,1,3,6000,4000,600,600,3999,2689,299,82,929,0,1.78333,5
4151262620,1,3,6000,5000,600,600,5000,3142,485,191,1182,0,2.83333,5
4151262620,1,4,6000,6000,600,600,5994,3517,1264,1213,0,0,4.16667,5
4151262620,1,4,6000,1000,600,600,1000,927,67,6,0,0,0.116667,5
4151262620,1,4,6000,2000,600,600,2000,1748,189,63,0,0,0.45,5
4151262620,1,4,6000,3000,600,600,2998,2360,418,220,0,0,1,5
4151262620,1,4,6000,4000,600,600,3996,2798,734,464,0,0,1.78333,5
4151262620,1,4,6000,5000,600,600,4997,3163,1009,825,0,0,2.83333,5
4151262620,1,5,6000,6000,600,600,5995,3003,1203,1471,318,0,4.13333,5
4151262620,1,5,6000,1000,600,600,999,871,62,12,54,0,0.116667,5
4151262620,1,5,6000,2000,600,600,1999,1559,240,86,114,0,0.433333,5
4151262620,1,5,6000,3000,600,600,2999,2049,474,294,182,0,1,5
4151262620,1,5,6000,4000,600,600,3997,2521,656,584,236,0,1.78333,5
4151262620,1,5,6000,5000,600,600,4996,2688,997,1034,277,0,2.83333,5
4151262620,1,8,6000,6000,600,600,5993,115,2255,3623,0,0,4.18333,5
4151262620,1,8,6000,1000,600,600,998,346,559,93,0,0,0.116667,5
4151262620,1,8,6000,2000,600,600,1996,339,1199,458,0,0,0.45,5
4151262620,1,8,6000,3000,600,600,2995,228,1627,1140,0,0,1,5
4151262620,1,8,6000,4000,600,600,3996,158,1937,1901,0,0,1.8,5
4151262620,1,8,6000,5000,600,600,4994,139,2104,2751,0,0,2.81667,5
3982665023,1,1,6000,6000,600,600,5999,2522,413,10,3054,0,4.1,5
3982665023,1,1,6000,1000,600,600,1000,443,11,0,546,0,0.1,5
3982665023,1,1,6000,2000,600,600,2000,930,39,0,1031,0,0.433333,5
3982665023,1,1,6000,3000,600,600,3000,1334,119,0,1547,0,1,5
3982665023,1,1,6000,4000,600,600,4000,1737,213,4,2046,0,1.78333,5
3982665023,1,1,6000,5000,600,600,4999,2134,317,4,2544,0,2.83333,5
3982665023,1,2,6000,6000,600,600,5996,3248,1253,1495,0,0,4.13333,5
3982665023,1,2,6000,1000,600,600,1000,921,74,5,0,0,0.1,5
3982665023,1,2,6000,2000,600,600,1999,1694,227,78,0,0,0.433333,5
3982665023,1,2,6000,3000,600,600,2998,2255,497,246,0,0,0.983333,5
3982665023,1,2,6000,4000,600,600,3995,2701,722,572,0,0,1.78333,5
3982665023,1,2,6000,5000,600,600,4997,2989,1016,992,0,0,2.83333,5
3982665023,1,3,6000,6000,600,600,5998,3730,570,311,1387,0,4.11667,5
3982665023,1,3,6000,1000,600,600,1000,676,19,0,305,0,0.116667,5
3982665023,1,3,6000,2000,600,600,2000,1417,54,13,516,0,0.433333,5
3982665023,1,3,6000,3000,600,600,3000,2040,190,25,745,0,1,5
3982665023,1,3,6000,4000,600,600,3997,2620,290,119,968,0,1.8,5
3982665023,1,3,6000,5000,600,600,4997,3186,448,177,1186,0,2.81667,5
3982665023,1,4,6000,6000,600,600,5996,3522,1226,1248,0,0,4.11667,5
3982665023,1,4,6000,1000,600,600,1000,920,75,5,0,0,0.1,5
3982665023,1,4,6000,2000,600,600,1999,1741,195,63,0,0,0.433333,5
3982665023,1,4,6000,3000,600,600,2999,2336,464,199,0,0,1,5
3982665023,1,4,6000,4000,600,600,3996,2850,687,459,0,0,1.81667,5
3982665023,1,4,6000,5000,600,600,4996,3226,969,801,0,0,2.81667,5
3982665023,1,5,6000,6000,600,600,5993,2929,1217,1523,324,0,4.15,5
3982665023,1,5,6000,1000,600,600,999,855,59,10,75,0,0.116667,5
3982665023,1,5,6000,2000,600,600,1998,1545,215,84,154,0,0.45,5
3982665023,1,5,6000,3000,600,600,2997,2035,487,267,208,0,1,5
3982665023,1,5,6000,4000,600,600,3997,2434,721,589,253,0,1.8,5
3982665023,1,5,6000,5000,600,600,4997,2704,1001,1005,287,0,2.83333,5
3982665023,1,8,6000,6000,600,600,5993,122,2238,3633,0,0,4.2,5
3982665023,1,8,6000,1000,600,600,998,366,553,79,0,0,0.1,5
3982665023,1,8,6000,2000,600,600,1995,303,1237,455,0,0,0.433333,5
3982665023,1,8,6000,3000,600,600,2994,261,1644,1089,0,0,1,5
3982665023,1,8,6000,4000,600,600,3993,189,1919,1885,0,0,1.78333,5
3982665023,1,8,6000,5000,600,600,4992,141,2112,2739,0,0,2.85,5