RunSeed,Seed,Algoritmo,Radius,nDevices,appPeriodSeconds,simulationTime,PHYTotal,PHYSuccessful,PHYInterfered,PHYNoMoreReceivers,PHYUnderSensitivity,PHYLostBecauseTX,SimulationDuration,targetRealocation
3880027468,1,7,3000,3000,600,600,3000,2667,328,5,0,0,1.88333,0
3880027468,1,7,8000,3000,600,600,2997,1290,1079,628,0,0,1.8,0
3880027468,1,7,10000,3000,600,600,2997,865,1115,582,435,0,1.75,0
3880027468,1,7,3000,3000,600,600,3000,2667,328,5,0,0,1.68333,5
3880027468,1,7,8000,3000,600,600,2997,1290,1079,628,0,0,1.78333,5
3880027468,1,7,10000,3000,600,600,2997,865,1115,582,435,0,1.76667,5
3880027468,1,7,3000,3000,600,600,3000,2667,328,5,0,0,1.75,10
3880027468,1,7,8000,3000,600,600,2997,1290,1079,628,0,0,1.75,10
3880027468,1,7,10000,3000,600,600,2997,867,1114,581,435,0,1.8,10
3880027468,1,7,3000,3000,600,600,3000,2667,328,5,0,0,1.76667,20
3880027468,1,7,8000,3000,600,600,2997,1289,1083,625,0,0,1.81667,20
3880027468,1,7,10000,3000,600,600,2997,881,1110,567,439,0,1.73333,20
3880027468,1,7,3000,3000,600,600,3000,2667,328,5,0,0,1.78333,50
3880027468,1,7,8000,3000,600,600,2997,1340,1085,572,0,0,1.78333,50
3880027468,1,7,10000,3000,600,600,2997,1272,832,432,461,0,1.75,50
3880027468,1,7,3000,3000,600,600,3000,2667,328,5,0,0,1.7,60
3880027468,1,7,8000,3000,600,600,2998,1635,866,497,0,0,1.76667,60
3880027468,1,7,10000,3000,600,600,2998,1400,760,361,477,0,1.76667,60
3880027468,1,7,3000,3000,600,600,3000,2667,328,5,0,0,1.75,80
3880027468,1,7,8000,3000,600,600,2999,1968,658,373,0,0,1.73333,80
3880027468,1,7,10000,3000,600,600,3000,1303,485,122,1090,0,1.73333,80
2029004524,1,7,3000,3000,600,600,3000,2633,361,6,0,0,1.71667,0
2029004524,1,7,8000,3000,600,600,2995,1281,1091,623,0,0,1.75,0
2029004524,1,7,10000,3000,600,600,2996,863,1117,584,432,0,1.76667,0
2029004524,1,7,3000,3000,600,600,3000,2633,361,6,0,0,1.8,5
2029004524,1,7,8000,3000,600,600,2995,1281,1091,623,0,0,1.78333,5
2029004524,1,7,10000,3000,600,600,2996,863,1117,584,432,0,1.76667,5
2029004524,1,7,3000,3000,600,600,3000,2633,361,6,0,0,1.73333,10
2029004524,1,7,8000,3000,600,600,2995,1281,1091,623,0,0,1.73333,10
2029004524,1,7,10000,3000,600,600,2996,862,1118,584,432,0,1.76667,10
2029004524,1,7,3000,3000,600,600,3000,2633,361,6,0,0,1.68333,20
2029004524,1,7,8000,3000,600,600,2995,1284,1089,622,0,0,1.65,20
2029004524,1,7,10000,3000,600,600,2996,876,1117,571,432,0,1.76667,20
2029004524,1,7,3000,3000,600,600,3000,2633,361,6,0,0,1.75,50
2029004524,1,7,8000,3000,600,600,2994,1366,1061,567,0,0,1.75,50
2029004524,1,7,10000,3000,600,600,2996,1284,840,396,476,0,1.75,50
2029004524,1,7,3000,3000,600,600,3000,2633,361,6,0,0,1.76667,60
2029004524,1,7,8000,3000,600,600,2994,1623,865,506,0,0,1.75,60
2029004524,1,7,10000,3000,600,600,2996,1407,776,307,506,0,1.76667,60
2029004524,1,7,3000,3000,600,600,3000,2633,361,6,0,0,1.7,80
2029004524,1,7,8000,3000,600,600,2995,1959,675,361,0,0,1.73333,80
2029004524,1,7,10000,3000,600,600,2998,1264,505,92,1137,0,1.75,80
2007836811,1,7,3000,3000,600,600,2999,2624,369,6,0,0,1.76667,0
2007836811,1,7,8000,3000,600,600,2996,1339,1080,577,0,0,1.78333,0
2007836811,1,7,10000,3000,600,600,2995,879,1111,561,444,0,1.78333,0
2007836811,1,7,3000,3000,600,600,2999,2624,369,6,0,0,1.73333,5
2007836811,1,7,8000,3000,600,600,2996,1339,1080,577,0,0,1.75,5
2007836811,1,7,10000,3000,600,600,2995,879,1111,561,444,0,1.73333,5
2007836811,1,7,3000,3000,600,600,2999,2624,369,6,0,0,1.73333,10
2007836811,1,7,8000,3000,600,600,2996,1339,1080,577,0,0,1.73333,10
2007836811,1,7,10000,3000,600,600,2995,876,1114,561,444,0,1.75,10
2007836811,1,7,3000,3000,600,600,2999,2624,369,6,0,0,1.76667,20
2007836811,1,7,8000,3000,600,600,2996,1344,1079,573,0,0,1.75,20
2007836811,1,7,10000,3000,600,600,2995,890,1107,551,447,0,1.76667,20
2007836811,1,7,3000,3000,600,600,2999,2624,369,6,0,0,1.75,50
2007836811,1,7,8000,3000,600,600,2996,1429,1058,509,0,0,1.76667,50
2007836811,1,7,10000,3000,600,600,2996,1297,841,384,474,0,1.76667,50
2007836811,1,7,3000,3000,600,600,2999,2624,369,6,0,0,1.71667,60
2007836811,1,7,8000,3000,600,600,2996,1656,891,449,0,0,1.66667,60
2007836811,1,7,10000,3000,600,600,2996,1432,763,304,497,0,1.68333,60
2007836811,1,7,3000,3000,600,600,2999,2624,369,6,0,0,1.76667,80
2007836811,1,7,8000,3000,600,600,2999,2030,638,331,0,0,1.75,80
2007836811,1,7,10000,3000,600,600,2999,1320,491,95,1093,0,1.73333,80
1300732500,1,7,3000,3000,600,600,2999,2657,337,5,0,0,1.73333,0
1300732500,1,7,8000,3000,600,600,2997,1339,1070,588,0,0,1.75,0
1300732500,1,7,10000,3000,600,600,2997,917,1096,538,446,0,1.75,0
1300732500,1,7,3000,3000,600,600,2999,2657,337,5,0,0,1.7,5
1300732500,1,7,8000,3000,600,600,2997,1339,1070,588,0,0,1.76667,5
1300732500,1,7,10000,3000,600,600,2997,917,1096,538,446,0,1.76667,5
1300732500,1,7,3000,3000,600,600,2999,2657,337,5,0,0,1.76667,10
1300732500,1,7,8000,3000,600,600,2997,1339,1070,588,0,0,1.76667,10
1300732500,1,7,10000,3000,600,600,2997,916,1097,538,446,0,1.76667,10
1300732500,1,7,3000,3000,600,600,2999,2657,337,5,0,0,1.71667,20
1300732500,1,7,8000,3000,600,600,2997,1338,1071,588,0,0,1.8,20
1300732500,1,7,10000,3000,600,600,2997,924,1098,525,450,0,1.8,20
1300732500,1,7,3000,3000,600,600,2999,2657,337,5,0,0,1.73333,50
1300732500,1,7,8000,3000,600,600,2997,1419,1034,544,0,0,1.78333,50
1300732500,1,7,10000,3000,600,600,2997,1267,871,385,474,0,1.75,50
1300732500,1,7,3000,3000,600,600,2999,2657,337,5,0,0,1.7,60
1300732500,1,7,8000,3000,600,600,2998,1600,913,485,0,0,1.75,60
1300732500,1,7,10000,3000,600,600,2998,1401,785,332,480,0,1.75,60
1300732500,1,7,3000,3000,600,600,2999,2657,337,5,0,0,1.7,80
1300732500,1,7,8000,3000,600,600,2998,2031,650,317,0,0,1.75,80
1300732500,1,7,10000,3000,600,600,2999,1329,528,97,1045,0,1.75,80
3191146323,1,7,3000,3000,600,600,3000,2640,351,9,0,0,1.78333,0
3191146323,1,7,8000,3000,600,600,2999,1282,1084,633,0,0,1.76667,0
3191146323,1,7,10000,3000,600,600,2996,875,1112,570,439,0,1.7,0
3191146323,1,7,3000,3000,600,600,3000,2640,351,9,0,0,1.73333,5
3191146323,1,7,8000,3000,600,600,2999,1282,1084,633,0,0,1.71667,5
3191146323,1,7,10000,3000,600,600,2996,875,1112,570,439,0,1.76667,5
3191146323,1,7,3000,3000,600,600,3000,2640,351,9,0,0,1.71667,10
3191146323,1,7,8000,3000,600,600,2999,1282,1084,633,0,0,1.75,10
3191146323,1,7,10000,3000,600,600,2996,875,1112,570,439,0,1.76667,10
3191146323,1,7,3000,3000,600,600,3000,2640,351,9,0,0,1.75,20
3191146323,1,7,8000,3000,600,600,2999,1284,1085,630,0,0,1.75,20
3191146323,1,7,10000,3000,600,600,2996,885,1109,560,442,0,1.73333,20
3191146323,1,7,3000,3000,600,600,3000,2640,351,9,0,0,1.71667,50
3191146323,1,7,8000,3000,600,600,3000,1361,1070,569,0,0,1.76667,50
3191146323,1,7,10000,3000,600,600,2998,1266,850,406,476,0,1.75,50
3191146323,1,7,3000,3000,600,600,3000,2640,351,9,0,0,1.71667,60
3191146323,1,7,8000,3000,600,600,3000,1607,886,507,0,0,1.75,60
3191146323,1,7,10000,3000,600,600,2998,1377,780,339,502,0,1.73333,60
3191146323,1,7,3000,3000,600,600,3000,2640,351,9,0,0,1.71667,80
3191146323,1,7,8000,3000,600,600,3000,1942,674,384,0,0,1.75,80
3191146323,1,7,10000,3000,600,600,2998,1293,483,86,1136,0,1.71667,80
1315340895,1,7,3000,3000,600,600,3000,2657,337,6,0,0,1.65,0
1315340895,1,7,8000,3000,600,600,2995,1328,1066,601,0,0,1.71667,0
1315340895,1,7,10000,3000,600,600,2996,901,1131,554,410,0,1.75,0
1315340895,1,7,3000,3000,600,600,3000,2657,337,6,0,0,1.68333,5
1315340895,1,7,8000,3000,600,600,2995,1328,1066,601,0,0,1.76667,5
1315340895,1,7,10000,3000,600,600,2996,901,1131,554,410,0,1.73333,5
1315340895,1,7,3000,3000,600,600,3000,2657,337,6,0,0,1.66667,10
1315340895,1,7,8000,3000,600,600,2995,1328,1066,601,0,0,1.78333,10
1315340895,1,7,10000,3000,600,600,2996,899,1133,554,410,0,1.7,10
1315340895,1,7,3000,3000,600,600,3000,2657,337,6,0,0,1.68333,20
1315340895,1,7,8000,3000,600,600,2995,1327,1069,599,0,0,1.73333,20
1315340895,1,7,10000,3000,600,600,2996,902,1135,548,411,0,1.75,20
1315340895,1,7,3000,3000,600,600,3000,2657,337,6,0,0,1.66667,50
1315340895,1,7,8000,3000,600,600,2995,1418,1031,546,0,0,1.73333,50
1315340895,1,7,10000,3000,600,600,2997,1302,851,403,441,0,1.75,50
1315340895,1,7,3000,3000,600,600,3000,2657,337,6,0,0,1.71667,60
1315340895,1,7,8000,3000,600,600,2995,1671,849,475,0,0,1.75,60
1315340895,1,7,10000,3000,600,600,2998,1458,761,326,453,0,1.75,60
1315340895,1,7,3000,3000,600,600,3000,2657,337,6,0,0,1.66667,80
1315340895,1,7,8000,3000,600,600,2996,1977,660,359,0,0,1.73333,80
1315340895,1,7,10000,3000,600,600,2998,1345,522,107,1024,0,1.73333,80
1647183931,1,7,3000,3000,600,600,2998,2644,349,5,0,0,1.75,0
1647183931,1,7,8000,3000,600,600,2997,1258,1084,655,0,0,1.76667,0
1647183931,1,7,10000,3000,600,600,2997,869,1114,585,429,0,1.75,0
1647183931,1,7,3000,3000,600,600,2998,2644,349,5,0,0,1.7,5
1647183931,1,7,8000,3000,600,600,2997,1258,1084,655,0,0,1.71667,5
1647183931,1,7,10000,3000,600,600,2997,869,1114,585,429,0,1.73333,5
1647183931,1,7,3000,3000,600,600,2998,2644,349,5,0,0,1.75,10
1647183931,1,7,8000,3000,600,600,2997,1258,1084,655,0,0,1.76667,10
1647183931,1,7,10000,3000,600,600,2997,866,1118,584,429,0,1.73333,10
1647183931,1,7,3000,3000,600,600,2998,2644,349,5,0,0,1.75,20
1647183931,1,7,8000,3000,600,600,2997,1263,1084,650,0,0,1.76667,20
1647183931,1,7,10000,3000,600,600,2997,874,1115,578,430,0,1.75,20
1647183931,1,7,3000,3000,600,600,2998,2644,349,5,0,0,1.75,50
1647183931,1,7,8000,3000,600,600,2997,1322,1085,590,0,0,1.8,50
1647183931,1,7,10000,3000,600,600,2997,1266,849,427,455,0,1.66667,50
1647183931,1,7,3000,3000,600,600,2998,2644,349,5,0,0,1.83333,60
1647183931,1,7,8000,3000,600,600,2997,1610,877,510,0,0,1.78333,60
1647183931,1,7,10000,3000,600,600,2997,1404,765,339,489,0,1.75,60
1647183931,1,7,3000,3000,600,600,2998,2644,349,5,0,0,1.68333,80
1647183931,1,7,8000,3000,600,600,2997,1986,651,360,0,0,1.73333,80
1647183931,1,7,10000,3000,600,600,2998,1314,484,107,1093,0,1.73333,80
1371552879,1,7,3000,3000,600,600,3000,2599,390,11,0,0,1.8,0
1371552879,1,7,8000,3000,600,600,2996,1283,1069,644,0,0,1.85,0
1371552879,1,7,10000,3000,600,600,2995,845,1086,601,463,0,1.81667,0
1371552879,1,7,3000,3000,600,600,3000,2599,390,11,0,0,1.71667,5
1371552879,1,7,8000,3000,600,600,2996,1283,1069,644,0,0,1.75,5
1371552879,1,7,10000,3000,600,600,2995,845,1086,601,463,0,1.75,5
1371552879,1,7,3000,3000,600,600,3000,2599,390,11,0,0,1.75,10
1371552879,1,7,8000,3000,600,600,2996,1283,1069,644,0,0,1.75,10
1371552879,1,7,10000,3000,600,600,2995,847,1084,601,463,0,1.75,10
1371552879,1,7,3000,3000,600,600,3000,2599,390,11,0,0,1.78333,20
1371552879,1,7,8000,3000,600,600,2996,1283,1075,638,0,0,1.75,20
1371552879,1,7,10000,3000,600,600,2995,855,1085,591,464,0,1.76667,20
1371552879,1,7,3000,3000,600,600,3000,2599,390,11,0,0,1.76667,50
1371552879,1,7,8000,3000,600,600,2996,1359,1068,569,0,0,1.83333,50
1371552879,1,7,10000,3000,600,600,2996,1241,842,411,502,0,1.78333,50
1371552879,1,7,3000,3000,600,600,3000,2599,390,11,0,0,1.75,60
1371552879,1,7,8000,3000,600,600,2996,1622,874,500,0,0,1.75,60
1371552879,1,7,10000,3000,600,600,2996,1363,765,341,527,0,1.68333,60
1371552879,1,7,3000,3000,600,600,3000,2599,390,11,0,0,1.75,80
1371552879,1,7,8000,3000,600,600,2997,1969,667,361,0,0,1.75,80
1371552879,1,7,10000,3000,600,600,2999,1220,525,104,1150,0,1.75,80
1229350569,1,7,3000,3000,600,600,3000,2664,329,7,0,0,1.71667,0
1229350569,1,7,8000,3000,600,600,2996,1248,1103,645,0,0,1.75,0
1229350569,1,7,10000,3000,600,600,2997,830,1156,594,417,0,1.75,0
1229350569,1,7,3000,3000,600,600,3000,2664,329,7,0,0,1.76667,5
1229350569,1,7,8000,3000,600,600,2996,1248,1103,645,0,0,1.73333,5
1229350569,1,7,10000,3000,600,600,2997,830,1156,594,417,0,1.76667,5
1229350569,1,7,3000,3000,600,600,3000,2664,329,7,0,0,1.75,10
1229350569,1,7,8000,3000,600,600,2996,1248,1103,645,0,0,1.73333,10
1229350569,1,7,10000,3000,600,600,2997,831,1155,593,418,0,1.75,10
1229350569,1,7,3000,3000,600,600,3000,2664,329,7,0,0,1.73333,20
1229350569,1,7,8000,3000,600,600,2996,1249,1109,638,0,0,1.78333,20
1229350569,1,7,10000,3000,600,600,2997,844,1150,582,421,0,1.8,20
1229350569,1,7,3000,3000,600,600,3000,2664,329,7,0,0,1.8,50
1229350569,1,7,8000,3000,600,600,2997,1322,1106,569,0,0,1.81667,50
1229350569,1,7,10000,3000,600,600,2997,1211,909,418,459,0,1.75,50
1229350569,1,7,3000,3000,600,600,3000,2664,329,7,0,0,1.73333,60
1229350569,1,7,8000,3000,600,600,2998,1601,902,495,0,0,1.75,60
1229350569,1,7,10000,3000,600,600,2998,1380,811,339,468,0,1.78333,60
1229350569,1,7,3000,3000,600,600,3000,2664,329,7,0,0,1.75,80
1229350569,1,7,8000,3000,600,600,2999,1924,699,376,0,0,1.76667,80
1229350569,1,7,10000,3000,600,600,2999,1282,545,86,1086,0,1.76667,80
136824291,1,7,3000,3000,600,600,3000,2661,336,3,0,0,1.81667,0
136824291,1,7,8000,3000,600,600,2995,1364,1042,589,0,0,1.71667,0
136824291,1,7,10000,3000,600,600,2997,898,1119,540,440,0,1.76667,0
136824291,1,7,3000,3000,600,600,3000,2661,336,3,0,0,1.76667,5
136824291,1,7,8000,3000,600,600,2995,1364,1042,589,0,0,1.76667,5
136824291,1,7,10000,3000,600,600,2997,898,1119,540,440,0,1.8,5
136824291,1,7,3000,3000,600,600,3000,2661,336,3,0,0,1.7,10
136824291,1,7,8000,3000,600,600,2995,1364,1042,589,0,0,1.73333,10
136824291,1,7,10000,3000,600,600,2997,897,1122,539,439,0,1.76667,10
136824291,1,7,3000,3000,600,600,3000,2661,336,3,0,0,1.76667,20
136824291,1,7,8000,3000,600,600,2995,1368,1045,582,0,0,1.73333,20
136824291,1,7,10000,3000,600,600,2997,912,1116,530,439,0,1.81667,20
136824291,1,7,3000,3000,600,600,3000,2661,336,3,0,0,1.78333,50
136824291,1,7,8000,3000,600,600,2995,1448,1017,530,0,0,1.71667,50
136824291,1,7,10000,3000,600,600,2997,1326,824,381,466,0,1.78333,50
136824291,1,7,3000,3000,600,600,3000,2661,336,3,0,0,1.78333,60
136824291,1,7,8000,3000,600,600,2996,1657,873,466,0,0,1.75,60
136824291,1,7,10000,3000,600,600,2998,1462,739,314,483,0,1.73333,60
136824291,1,7,3000,3000,600,600,3000,2661,336,3,0,0,1.78333,80
136824291,1,7,8000,3000,600,600,2996,1996,647,353,0,0,1.83333,80
136824291,1,7,10000,3000,600,600,3000,1335,491,103,1071,0,1.68333,80
3685911515,1,7,3000,3000,600,600,3000,2678,317,5,0,0,1.75,0
3685911515,1,7,8000,3000,600,600,2998,1346,1058,594,0,0,1.75,0
3685911515,1,7,10000,3000,600,600,2998,900,1105,558,435,0,1.73333,0
3685911515,1,7,3000,3000,600,600,3000,2678,317,5,0,0,1.75,5
3685911515,1,7,8000,3000,600,600,2998,1346,1058,594,0,0,1.76667,5
3685911515,1,7,10000,3000,600,600,2998,900,1105,558,435,0,1.8,5
3685911515,1,7,3000,3000,600,600,3000,2678,317,5,0,0,1.78333,10
3685911515,1,7,8000,3000,600,600,2998,1346,1058,594,0,0,1.78333,10
3685911515,1,7,10000,3000,600,600,2998,899,1106,556,437,0,1.78333,10
3685911515,1,7,3000,3000,600,600,3000,2678,317,5,0,0,1.7,20
3685911515,1,7,8000,3000,600,600,2998,1347,1061,590,0,0,1.75,20
3685911515,1,7,10000,3000,600,600,2998,908,1105,546,439,0,1.78333,20
3685911515,1,7,3000,3000,600,600,3000,2678,317,5,0,0,1.68333,50
3685911515,1,7,8000,3000,600,600,2998,1436,1026,536,0,0,1.71667,50
3685911515,1,7,10000,3000,600,600,3000,1304,839,384,473,0,1.76667,50
3685911515,1,7,3000,3000,600,600,3000,2678,317,5,0,0,1.76667,60
3685911515,1,7,8000,3000,600,600,2998,1660,853,485,0,0,1.8,60
3685911515,1,7,10000,3000,600,600,3000,1434,757,322,487,0,1.75,60
3685911515,1,7,3000,3000,600,600,3000,2678,317,5,0,0,1.75,80
3685911515,1,7,8000,3000,600,600,2997,2011,635,351,0,0,1.76667,80
3685911515,1,7,10000,3000,600,600,3000,1308,488,110,1094,0,1.75,80
1845195233,1,7,3000,3000,600,600,3000,2634,363,3,0,0,1.75,0
1845195233,1,7,8000,3000,600,600,2996,1291,1060,645,0,0,1.78333,0
1845195233,1,7,10000,3000,600,600,2997,893,1116,574,414,0,1.78333,0
1845195233,1,7,3000,3000,600,600,3000,2634,363,3,0,0,1.73333,5
1845195233,1,7,8000,3000,600,600,2996,1291,1060,645,0,0,1.76667,5
1845195233,1,7,10000,3000,600,600,2997,893,1116,574,414,0,1.8,5
1845195233,1,7,3000,3000,600,600,3000,2634,363,3,0,0,1.76667,10
1845195233,1,7,8000,3000,600,600,2996,1291,1060,645,0,0,1.76667,10
1845195233,1,7,10000,3000,600,600,2997,893,1117,573,414,0,1.75,10
1845195233,1,7,3000,3000,600,600,3000,2634,363,3,0,0,1.71667,20
1845195233,1,7,8000,3000,600,600,2996,1293,1062,641,0,0,1.75,20
1845195233,1,7,10000,3000,600,600,2997,904,1114,564,415,0,1.78333,20
1845195233,1,7,3000,3000,600,600,3000,2634,363,3,0,0,1.73333,50
1845195233,1,7,8000,3000,600,600,2996,1360,1043,593,0,0,1.73333,50
1845195233,1,7,10000,3000,600,600,2997,1265,856,429,447,0,1.78333,50
1845195233,1,7,3000,3000,600,600,3000,2634,363,3,0,0,1.78333,60
1845195233,1,7,8000,3000,600,600,2996,1589,876,531,0,0,1.75,60
1845195233,1,7,10000,3000,600,600,2997,1419,763,358,457,0,1.76667,60
1845195233,1,7,3000,3000,600,600,3000,2634,363,3,0,0,1.7,80
1845195233,1,7,8000,3000,600,600,2996,1930,687,379,0,0,1.73333,80
1845195233,1,7,10000,3000,600,600,2997,1330,513,109,1045,0,1.75,80
2210583200,1,7,3000,3000,600,600,3000,2655,341,4,0,0,1.76667,0
2210583200,1,7,8000,3000,600,600,2996,1301,1079,616,0,0,1.76667,0
2210583200,1,7,10000,3000,600,600,2998,866,1118,593,421,0,1.76667,0
2210583200,1,7,3000,3000,600,600,3000,2655,341,4,0,0,1.76667,5
2210583200,1,7,8000,3000,600,600,2996,1301,1079,616,0,0,1.76667,5
2210583200,1,7,10000,3000,600,600,2998,866,1118,593,421,0,1.75,5
2210583200,1,7,3000,3000,600,600,3000,2655,341,4,0,0,1.76667,10
2210583200,1,7,8000,3000,600,600,2996,1301,1079,616,0,0,1.75,10
2210583200,1,7,10000,3000,600,600,2998,868,1117,592,421,0,1.78333,10
2210583200,1,7,3000,3000,600,600,3000,2655,341,4,0,0,1.73333,20
2210583200,1,7,8000,3000,600,600,2996,1302,1081,613,0,0,1.73333,20
2210583200,1,7,10000,3000,600,600,2998,879,1117,577,425,0,1.75,20
2210583200,1,7,3000,3000,600,600,3000,2655,341,4,0,0,1.76667,50
2210583200,1,7,8000,3000,600,600,2996,1374,1075,547,0,0,1.78333,50
2210583200,1,7,10000,3000,600,600,2998,1263,860,426,449,0,1.78333,50
2210583200,1,7,3000,3000,600,600,3000,2655,341,4,0,0,1.78333,60
2210583200,1,7,8000,3000,600,600,2996,1615,907,474,0,0,1.75,60
2210583200,1,7,10000,3000,600,600,2998,1437,765,328,468,0,1.73333,60
2210583200,1,7,3000,3000,600,600,3000,2655,341,4,0,0,1.75,80
2210583200,1,7,8000,3000,600,600,2996,1986,674,336,0,0,1.8,80
2210583200,1,7,10000,3000,600,600,2999,1330,495,108,1066,0,1.8,80
3740177053,1,7,3000,3000,600,600,3000,2628,369,3,0,0,1.78333,0
3740177053,1,7,8000,3000,600,600,2998,1296,1054,648,0,0,1.78333,0
3740177053,1,7,10000,3000,600,600,2998,841,1126,601,430,0,1.76667,0
3740177053,1,7,3000,3000,600,600,3000,2628,369,3,0,0,1.8,5
3740177053,1,7,8000,3000,600,600,2998,1296,1054,648,0,0,1.66667,5
3740177053,1,7,10000,3000,600,600,2998,841,1126,601,430,0,1.78333,5
3740177053,1,7,3000,3000,600,600,3000,2628,369,3,0,0,1.75,10
3740177053,1,7,8000,3000,600,600,2998,1296,1054,648,0,0,1.78333,10
3740177053,1,7,10000,3000,600,600,2998,842,1126,601,429,0,1.78333,10
3740177053,1,7,3000,3000,600,600,3000,2628,369,3,0,0,1.75,20
3740177053,1,7,8000,3000,600,600,2998,1297,1057,644,0,0,1.78333,20
3740177053,1,7,10000,3000,600,600,2998,848,1127,594,429,0,1.75,20
3740177053,1,7,3000,3000,600,600,3000,2628,369,3,0,0,1.73333,50
3740177053,1,7,8000,3000,600,600,2998,1349,1058,591,0,0,1.76667,50
3740177053,1,7,10000,3000,600,600,2998,1248,857,433,460,0,1.8,50
3740177053,1,7,3000,3000,600,600,3000,2628,369,3,0,0,1.78333,60
3740177053,1,7,8000,3000,600,600,2998,1583,891,524,0,0,1.85,60
3740177053,1,7,10000,3000,600,600,2998,1353,807,371,467,0,1.78333,60
3740177053,1,7,3000,3000,600,600,3000,2628,369,3,0,0,1.76667,80
3740177053,1,7,8000,3000,600,600,2998,1924,700,374,0,0,1.78333,80
3740177053,1,7,10000,3000,600,600,3000,1272,530,103,1095,0,1.76667,80
2864886212,1,7,3000,3000,600,600,2999,2647,346,6,0,0,1.75,0
2864886212,1,7,8000,3000,600,600,2998,1300,1064,634,0,0,1.8,0
2864886212,1,7,10000,3000,600,600,2997,906,1098,569,424,0,1.78333,0
2864886212,1,7,3000,3000,600,600,2999,2647,346,6,0,0,1.76667,5
2864886212,1,7,8000,3000,600,600,2998,1300,1064,634,0,0,1.78333,5
2864886212,1,7,10000,3000,600,600,2997,906,1098,569,424,0,1.8,5
2864886212,1,7,3000,3000,600,600,2999,2647,346,6,0,0,1.73333,10
2864886212,1,7,8000,3000,600,600,2998,1300,1064,634,0,0,1.75,10
2864886212,1,7,10000,3000,600,600,2997,905,1099,569,424,0,1.78333,10
2864886212,1,7,3000,3000,600,600,2999,2647,346,6,0,0,1.76667,20
2864886212,1,7,8000,3000,600,600,2998,1297,1067,634,0,0,1.7,20
2864886212,1,7,10000,3000,600,600,2997,917,1098,556,426,0,1.73333,20
2864886212,1,7,3000,3000,600,600,2999,2647,346,6,0,0,1.75,50
2864886212,1,7,8000,3000,600,600,2998,1375,1060,563,0,0,1.76667,50
2864886212,1,7,10000,3000,600,600,2998,1276,848,425,449,0,1.78333,50
2864886212,1,7,3000,3000,600,600,2999,2647,346,6,0,0,1.76667,60
2864886212,1,7,8000,3000,600,600,2998,1648,855,495,0,0,1.78333,60
2864886212,1,7,10000,3000,600,600,2998,1412,750,353,483,0,1.73333,60
2864886212,1,7,3000,3000,600,600,2999,2647,346,6,0,0,1.8,80
2864886212,1,7,8000,3000,600,600,2998,1939,715,344,0,0,1.75,80
2864886212,1,7,10000,3000,600,600,2998,1280,498,106,1114,0,1.73333,80
980111220,1,7,3000,3000,600,600,3000,2659,336,5,0,0,1.78333,0
980111220,1,7,8000,3000,600,600,2998,1320,1058,620,0,0,1.75,0
980111220,1,7,10000,3000,600,600,2998,841,1135,586,436,0,1.8,0
980111220,1,7,3000,3000,600,600,3000,2659,336,5,0,0,1.75,5
980111220,1,7,8000,3000,600,600,2998,1320,1058,620,0,0,1.76667,5
980111220,1,7,10000,3000,600,600,2998,841,1135,586,436,0,1.71667,5
980111220,1,7,3000,3000,600,600,3000,2659,336,5,0,0,1.78333,10
980111220,1,7,8000,3000,600,600,2998,1320,1058,620,0,0,1.75,10
980111220,1,7,10000,3000,600,600,2998,841,1135,586,436,0,1.8,10
980111220,1,7,3000,3000,600,600,3000,2659,336,5,0,0,1.75,20
980111220,1,7,8000,3000,600,600,2998,1323,1063,612,0,0,1.76667,20
980111220,1,7,10000,3000,600,600,2998,849,1135,568,446,0,1.75,20
980111220,1,7,3000,3000,600,600,3000,2659,336,5,0,0,1.75,50
980111220,1,7,8000,3000,600,600,2998,1395,1052,551,0,0,1.75,50
980111220,1,7,10000,3000,600,600,2998,1282,840,410,466,0,1.71667,50
980111220,1,7,3000,3000,600,600,3000,2659,336,5,0,0,1.73333,60
980111220,1,7,8000,3000,600,600,2999,1671,853,475,0,0,1.7,60
980111220,1,7,10000,3000,600,600,2999,1404,777,336,482,0,1.68333,60
980111220,1,7,3000,3000,600,600,3000,2659,336,5,0,0,1.75,80
980111220,1,7,8000,3000,600,600,3000,1984,683,333,0,0,1.75,80
980111220,1,7,10000,3000,600,600,3000,1276,543,108,1073,0,1.75,80
57446825,1,7,3000,3000,600,600,2998,2637,354,7,0,0,1.75,0
57446825,1,7,8000,3000,600,600,2997,1278,1063,656,0,0,1.76667,0
57446825,1,7,10000,3000,600,600,2997,837,1130,584,446,0,1.76667,0
57446825,1,7,3000,3000,600,600,2998,2637,354,7,0,0,1.75,5
57446825,1,7,8000,3000,600,600,2997,1278,1063,656,0,0,1.76667,5
57446825,1,7,10000,3000,600,600,2997,837,1130,584,446,0,1.78333,5
57446825,1,7,3000,3000,600,600,2998,2637,354,7,0,0,1.75,10
57446825,1,7,8000,3000,600,600,2997,1278,1063,656,0,0,1.76667,10
57446825,1,7,10000,3000,600,600,2997,839,1128,584,446,0,1.76667,10
57446825,1,7,3000,3000,600,600,2998,2637,354,7,0,0,1.76667,20
57446825,1,7,8000,3000,600,600,2997,1276,1071,650,0,0,1.76667,20
57446825,1,7,10000,3000,600,600,2997,840,1127,584,446,0,1.8,20
57446825,1,7,3000,3000,600,600,2998,2637,354,7,0,0,1.75,50
57446825,1,7,8000,3000,600,600,2997,1357,1049,591,0,0,1.75,50
57446825,1,7,10000,3000,600,600,2998,1243,851,438,466,0,1.73333,50
57446825,1,7,3000,3000,600,600,2998,2637,354,7,0,0,1.73333,60
57446825,1,7,8000,3000,600,600,2998,1598,885,515,0,0,1.75,60
57446825,1,7,10000,3000,600,600,2999,1363,790,367,479,0,1.76667,60
57446825,1,7,3000,3000,600,600,2998,2637,354,7,0,0,1.73333,80
57446825,1,7,8000,3000,600,600,2998,1950,682,366,0,0,1.73333,80
57446825,1,7,10000,3000,600,600,2999,1275,544,111,1069,0,1.73333,80
1303336606,1,7,3000,3000,600,600,3000,2608,385,7,0,0,1.75,0
1303336606,1,7,8000,3000,600,600,2998,1324,1034,640,0,0,1.75,0
1303336606,1,7,10000,3000,600,600,2998,899,1098,612,389,0,1.71667,0
1303336606,1,7,3000,3000,600,600,3000,2608,385,7,0,0,1.66667,5
1303336606,1,7,8000,3000,600,600,2998,1324,1034,640,0,0,1.78333,5
1303336606,1,7,10000,3000,600,600,2998,899,1098,612,389,0,1.78333,5
1303336606,1,7,3000,3000,600,600,3000,2608,385,7,0,0,1.75,10
1303336606,1,7,8000,3000,600,600,2998,1324,1034,640,0,0,1.76667,10
1303336606,1,7,10000,3000,600,600,2998,898,1099,612,389,0,1.75,10
1303336606,1,7,3000,3000,600,600,3000,2608,385,7,0,0,1.71667,20
1303336606,1,7,8000,3000,600,600,2998,1317,1046,635,0,0,1.78333,20
1303336606,1,7,10000,3000,600,600,2998,906,1097,603,392,0,1.76667,20
1303336606,1,7,3000,3000,600,600,3000,2608,385,7,0,0,1.73333,50
1303336606,1,7,8000,3000,600,600,2998,1404,1027,567,0,0,1.76667,50
1303336606,1,7,10000,3000,600,600,2998,1276,847,454,421,0,1.75,50
1303336606,1,7,3000,3000,600,600,3000,2608,385,7,0,0,1.73333,60
1303336606,1,7,8000,3000,600,600,2998,1619,880,499,0,0,1.76667,60
1303336606,1,7,10000,3000,600,600,2998,1401,790,378,429,0,1.78333,60
1303336606,1,7,3000,3000,600,600,3000,2608,385,7,0,0,1.8,80
1303336606,1,7,8000,3000,600,600,2999,1952,688,359,0,0,1.78333,80
1303336606,1,7,10000,3000,600,600,2999,1328,539,122,1010,0,1.75,80
1749320172,1,7,3000,3000,600,600,2999,2630,363,6,0,0,1.75,0
1749320172,1,7,8000,3000,600,600,2995,1260,1099,636,0,0,1.76667,0
1749320172,1,7,10000,3000,600,600,2995,896,1078,566,455,0,1.76667,0
1749320172,1,7,3000,3000,600,600,2999,2630,363,6,0,0,1.73333,5
1749320172,1,7,8000,3000,600,600,2995,1260,1099,636,0,0,1.76667,5
1749320172,1,7,10000,3000,600,600,2995,896,1078,566,455,0,1.78333,5
1749320172,1,7,3000,3000,600,600,2999,2630,363,6,0,0,1.76667,10
1749320172,1,7,8000,3000,600,600,2995,1260,1099,636,0,0,1.75,10
1749320172,1,7,10000,3000,600,600,2995,899,1076,565,455,0,1.75,10
1749320172,1,7,3000,3000,600,600,2999,2630,363,6,0,0,1.68333,20
1749320172,1,7,8000,3000,600,600,2995,1265,1097,633,0,0,1.78333,20
1749320172,1,7,10000,3000,600,600,2995,907,1076,559,453,0,1.78333,20
1749320172,1,7,3000,3000,600,600,2999,2630,363,6,0,0,1.75,50
1749320172,1,7,8000,3000,600,600,2995,1328,1102,565,0,0,1.76667,50
1749320172,1,7,10000,3000,600,600,2995,1272,846,393,484,0,1.75,50
1749320172,1,7,3000,3000,600,600,2999,2630,363,6,0,0,1.75,60
1749320172,1,7,8000,3000,600,600,2996,1601,905,490,0,0,1.76667,60
1749320172,1,7,10000,3000,600,600,2995,1405,771,322,497,0,1.71667,60
1749320172,1,7,3000,3000,600,600,2999,2630,363,6,0,0,1.75,80
1749320172,1,7,8000,3000,600,600,2996,1943,690,363,0,0,1.75,80
1749320172,1,7,10000,3000,600,600,2998,1299,504,83,1112,0,1.76667,80
1119969242,1,7,3000,3000,600,600,2999,2671,323,5,0,0,1.73333,0
1119969242,1,7,8000,3000,600,600,2996,1330,1047,619,0,0,1.71667,0
1119969242,1,7,10000,3000,600,600,2996,859,1126,570,441,0,1.75,0
1119969242,1,7,3000,3000,600,600,2999,2671,323,5,0,0,1.78333,5
1119969242,1,7,8000,3000,600,600,2996,1330,1047,619,0,0,1.75,5
1119969242,1,7,10000,3000,600,600,2996,859,1126,570,441,0,1.75,5
1119969242,1,7,3000,3000,600,600,2999,2671,323,5,0,0,1.78333,10
1119969242,1,7,8000,3000,600,600,2996,1330,1047,619,0,0,1.71667,10
1119969242,1,7,10000,3000,600,600,2996,859,1127,569,441,0,1.75,10
1119969242,1,7,3000,3000,600,600,2999,2671,323,5,0,0,1.76667,20
1119969242,1,7,8000,3000,600,600,2996,1332,1051,613,0,0,1.81667,20
1119969242,1,7,10000,3000,600,600,2997,862,1127,564,444,0,1.76667,20
1119969242,1,7,3000,3000,600,600,2999,2671,323,5,0,0,1.75,50
1119969242,1,7,8000,3000,600,600,2997,1401,1048,548,0,0,1.75,50
1119969242,1,7,10000,3000,600,600,2997,1293,832,401,471,0,1.8,50
1119969242,1,7,3000,3000,600,600,2999,2671,323,5,0,0,1.73333,60
1119969242,1,7,8000,3000,600,600,2997,1638,870,489,0,0,1.68333,60
1119969242,1,7,10000,3000,600,600,2997,1420,742,336,499,0,1.8,60
1119969242,1,7,3000,3000,600,600,2999,2671,323,5,0,0,1.75,80
1119969242,1,7,8000,3000,600,600,2997,2004,630,363,0,0,1.76667,80
1119969242,1,7,10000,3000,600,600,2998,1300,474,113,1111,0,1.75,80