RunSeed,Seed,Algoritmo,Radius,nDevices,appPeriodSeconds,simulationTime,PHYTotal,PHYSuccessful,PHYInterfered,PHYNoMoreReceivers,PHYUnderSensitivity,PHYLostBecauseTX,SimulationDuration,targetRealocation
4227096072,1,1,2000,3000,600,600,3000,2648,346,6,0,0,3.6,5
4227096072,1,1,4000,3000,600,600,3000,2648,346,6,0,0,4.01667,5
4227096072,1,1,6000,3000,600,600,3000,1432,96,3,1469,0,3.88333,5
4227096072,1,1,10000,3000,600,600,3000,553,14,0,2433,0,4.2,5
4227096072,1,1,15000,3000,600,600,3000,274,5,0,2721,0,4.13333,5
4227096072,1,1,20000,3000,600,600,3000,158,4,0,2838,0,3.58333,5
4227096072,1,1,25000,3000,600,600,3000,103,2,0,2895,0,4.41667,5
4227096072,1,2,2000,3000,600,600,3000,2286,459,255,0,0,4.26667,5
4227096072,1,2,4000,3000,600,600,3000,2286,459,255,0,0,4.21667,5
4227096072,1,2,6000,3000,600,600,3000,2286,459,255,0,0,4,5
4227096072,1,2,10000,3000,600,600,3000,782,17,1,2200,0,3.85,5
4227096072,1,2,15000,3000,600,600,3000,274,5,0,2721,0,4.2,5
4227096072,1,2,20000,3000,600,600,3000,158,4,0,2838,0,3.53333,5
4227096072,1,2,25000,3000,600,600,3000,103,2,0,2895,0,2.03333,5
4227096072,1,3,2000,3000,600,600,3000,2726,217,57,0,0,2.05,5
4227096072,1,3,4000,3000,600,600,3000,2726,217,57,0,0,2.03333,5
4227096072,1,3,6000,3000,600,600,3000,2194,167,49,590,0,2.05,5
4227096072,1,3,10000,3000,600,600,3000,553,14,0,2433,0,2.03333,5
4227096072,1,3,15000,3000,600,600,3000,274,5,0,2721,0,2.03333,5
4227096072,1,3,20000,3000,600,600,3000,158,4,0,2838,0,2.03333,5
4227096072,1,3,25000,3000,600,600,3000,103,2,0,2895,0,2.03333,5
4227096072,1,4,2000,3000,600,600,3000,2648,346,6,0,0,2.01667,5
4227096072,1,4,4000,3000,600,600,3000,2748,235,17,0,0,2,5
4227096072,1,4,6000,3000,600,600,3000,2416,398,186,0,0,2.03333,5
4227096072,1,4,10000,3000,600,600,2998,932,1097,580,389,0,2.06667,5
4227096072,1,4,15000,3000,600,600,3000,554,531,161,1754,0,2.1,5
4227096072,1,4,20000,3000,600,600,3000,399,230,67,2304,0,2.33333,5
4227096072,1,4,25000,3000,600,600,3000,321,99,23,2557,0,2.03333,5
4227096072,1,5,2000,3000,600,600,3000,2726,217,57,0,0,2,5
4227096072,1,5,4000,3000,600,600,3000,2685,238,77,0,0,1.96667,5
4227096072,1,5,6000,3000,600,600,3000,2127,445,271,157,0,2.06667,5
4227096072,1,5,10000,3000,600,600,2999,601,1032,580,786,0,1.96667,5
4227096072,1,5,15000,3000,600,600,3000,362,592,251,1795,0,2.03333,5
4227096072,1,5,20000,3000,600,600,3000,306,282,114,2298,0,2.1,5
4227096072,1,5,25000,3000,600,600,3000,251,152,46,2551,0,2.05,5
4227096072,1,8,2000,3000,600,600,2998,221,1684,1093,0,0,2.08333,5
4227096072,1,8,4000,3000,600,600,2998,221,1684,1093,0,0,2.08333,5
4227096072,1,8,6000,3000,600,600,2998,221,1684,1093,0,0,2.08333,5
4227096072,1,8,10000,3000,600,600,2998,246,1503,914,335,0,2.08333,5
4227096072,1,8,15000,3000,600,600,3000,282,742,318,1658,0,2.06667,5
4227096072,1,8,20000,3000,600,600,3000,271,344,140,2245,0,2.08333,5
4227096072,1,8,25000,3000,600,600,3000,242,176,54,2528,0,2.08333,5
2037759854,1,1,2000,3000,600,600,3000,2624,372,4,0,0,1.88333,5
2037759854,1,1,4000,3000,600,600,3000,2624,372,4,0,0,2.03333,5
2037759854,1,1,6000,3000,600,600,3000,1373,105,2,1520,0,2.01667,5
2037759854,1,1,10000,3000,600,600,3000,544,23,1,2432,0,1.98333,5
2037759854,1,1,15000,3000,600,600,3000,242,6,0,2752,0,2,5
2037759854,1,1,20000,3000,600,600,3000,129,3,0,2868,0,2.03333,5
2037759854,1,1,25000,3000,600,600,3000,83,1,0,2916,0,2.05,5
2037759854,1,2,2000,3000,600,600,2998,2296,470,232,0,0,2,5
2037759854,1,2,4000,3000,600,600,2998,2296,470,232,0,0,2.06667,5
2037759854,1,2,6000,3000,600,600,2998,2296,470,232,0,0,2.03333,5
2037759854,1,2,10000,3000,600,600,3000,753,24,1,2222,0,2.01667,5
2037759854,1,2,15000,3000,600,600,3000,242,6,0,2752,0,2.05,5
2037759854,1,2,20000,3000,600,600,3000,129,3,0,2868,0,2.05,5
2037759854,1,2,25000,3000,600,600,3000,83,1,0,2916,0,2.03333,5
2037759854,1,3,2000,3000,600,600,2999,2734,226,39,0,0,2.01667,5
2037759854,1,3,4000,3000,600,600,2999,2734,226,39,0,0,2.03333,5
2037759854,1,3,6000,3000,600,600,2999,2070,167,32,730,0,2.01667,5
2037759854,1,3,10000,3000,600,600,3000,544,23,1,2432,0,2,5
2037759854,1,3,15000,3000,600,600,3000,242,6,0,2752,0,2.03333,5
2037759854,1,3,20000,3000,600,600,3000,129,3,0,2868,0,2,5
2037759854,1,3,25000,3000,600,600,3000,83,1,0,2916,0,2.01667,5
2037759854,1,4,2000,3000,600,600,3000,2624,372,4,0,0,2.03333,5
2037759854,1,4,4000,3000,600,600,2999,2732,254,13,0,0,1.88333,5
2037759854,1,4,6000,3000,600,600,2999,2384,441,174,0,0,1.98333,5
2037759854,1,4,10000,3000,600,600,2995,910,1113,529,443,0,2,5
2037759854,1,4,15000,3000,600,600,2997,541,513,149,1794,0,2.03333,5
2037759854,1,4,20000,3000,600,600,2998,390,247,57,2304,0,2.01667,5
2037759854,1,4,25000,3000,600,600,2999,278,132,27,2562,0,2.05,5
2037759854,1,5,2000,3000,600,600,2999,2734,226,39,0,0,2,5
2037759854,1,5,4000,3000,600,600,2999,2739,210,50,0,0,2,5
2037759854,1,5,6000,3000,600,600,2996,2072,459,255,210,0,1.98333,5
2037759854,1,5,10000,3000,600,600,2995,581,1026,569,819,0,2.01667,5
2037759854,1,5,15000,3000,600,600,2996,338,586,233,1839,0,2.06667,5
2037759854,1,5,20000,3000,600,600,2998,279,319,95,2305,0,1.95,5
2037759854,1,5,25000,3000,600,600,2999,223,171,44,2561,0,2.05,5
2037759854,1,8,2000,3000,600,600,2994,221,1670,1103,0,0,2.05,5
2037759854,1,8,4000,3000,600,600,2994,221,1670,1103,0,0,2.06667,5
2037759854,1,8,6000,3000,600,600,2994,221,1670,1103,0,0,2.06667,5
2037759854,1,8,10000,3000,600,600,2995,242,1494,899,360,0,2.05,5
2037759854,1,8,15000,3000,600,600,2996,269,738,292,1697,0,2.06667,5
2037759854,1,8,20000,3000,600,600,2998,264,359,104,2271,0,2.1,5
2037759854,1,8,25000,3000,600,600,2999,221,184,47,2547,0,2.08333,5
3601874798,1,1,2000,3000,600,600,2999,2592,401,6,0,0,2.03333,5
3601874798,1,1,4000,3000,600,600,2999,2592,401,6,0,0,2,5
3601874798,1,1,6000,3000,600,600,2999,1301,139,0,1559,0,2.01667,5
3601874798,1,1,10000,3000,600,600,3000,474,16,0,2510,0,2.01667,5
3601874798,1,1,15000,3000,600,600,3000,218,3,0,2779,0,2.01667,5
3601874798,1,1,20000,3000,600,600,3000,126,2,0,2872,0,2,5
3601874798,1,1,25000,3000,600,600,3000,82,1,0,2917,0,2,5
3601874798,1,2,2000,3000,600,600,2996,2214,512,270,0,0,2.03333,5
3601874798,1,2,4000,3000,600,600,2996,2214,512,270,0,0,2,5
3601874798,1,2,6000,3000,600,600,2996,2214,512,270,0,0,2.01667,5
3601874798,1,2,10000,3000,600,600,3000,626,30,0,2344,0,2.03333,5
3601874798,1,2,15000,3000,600,600,3000,218,3,0,2779,0,1.98333,5
3601874798,1,2,20000,3000,600,600,3000,126,2,0,2872,0,2.03333,5
3601874798,1,2,25000,3000,600,600,3000,82,1,0,2917,0,2.01667,5
3601874798,1,3,2000,3000,600,600,2998,2678,254,66,0,0,2.01667,5
3601874798,1,3,4000,3000,600,600,2998,2678,254,66,0,0,2.01667,5
3601874798,1,3,6000,3000,600,600,2998,2037,175,49,737,0,2.01667,5
3601874798,1,3,10000,3000,600,600,3000,474,16,0,2510,0,2.03333,5
3601874798,1,3,15000,3000,600,600,3000,218,3,0,2779,0,2,5
3601874798,1,3,20000,3000,600,600,3000,126,2,0,2872,0,2.01667,5
3601874798,1,3,25000,3000,600,600,3000,82,1,0,2917,0,2.03333,5
3601874798,1,4,2000,3000,600,600,2999,2592,401,6,0,0,2.03333,5
3601874798,1,4,4000,3000,600,600,2999,2704,276,19,0,0,2.03333,5
3601874798,1,4,6000,3000,600,600,2998,2335,439,224,0,0,2,5
3601874798,1,4,10000,3000,600,600,2996,826,1127,592,451,0,2.05,5
3601874798,1,4,15000,3000,600,600,2997,484,506,163,1844,0,2,5
3601874798,1,4,20000,3000,600,600,2997,351,207,45,2394,0,2.06667,5
3601874798,1,4,25000,3000,600,600,2998,270,96,29,2603,0,2.06667,5
3601874798,1,5,2000,3000,600,600,2998,2678,254,66,0,0,3.46667,5
3601874798,1,5,4000,3000,600,600,2997,2682,231,84,0,0,4.48333,5
3601874798,1,5,6000,3000,600,600,2998,2077,442,298,181,0,2.58333,5
3601874798,1,5,10000,3000,600,600,2996,538,1033,661,764,0,2.26667,5
3601874798,1,5,15000,3000,600,600,2997,327,558,258,1854,0,2.11667,5
3601874798,1,5,20000,3000,600,600,2997,262,261,86,2388,0,2.11667,5
3601874798,1,5,25000,3000,600,600,2998,225,128,44,2601,0,2.11667,5
3601874798,1,8,2000,3000,600,600,2993,230,1650,1113,0,0,2.11667,5
3601874798,1,8,4000,3000,600,600,2993,230,1650,1113,0,0,2.15,5
3601874798,1,8,6000,3000,600,600,2993,230,1650,1113,0,0,2.1,5
3601874798,1,8,10000,3000,600,600,2995,250,1444,909,392,0,2.13333,5
3601874798,1,8,15000,3000,600,600,2997,270,669,302,1756,0,2.08333,5
3601874798,1,8,20000,3000,600,600,2997,253,294,96,2354,0,2.1,5
3601874798,1,8,25000,3000,600,600,2998,220,144,48,2586,0,2.23333,5
3542474385,1,1,2000,3000,600,600,3000,2590,406,4,0,0,2.15,5
3542474385,1,1,4000,3000,600,600,3000,2590,406,4,0,0,2.08333,5
3542474385,1,1,6000,3000,600,600,3000,1354,133,3,1510,0,2.25,5
3542474385,1,1,10000,3000,600,600,3000,476,19,0,2505,0,1.95,5
3542474385,1,1,15000,3000,600,600,3000,210,6,0,2784,0,2.51667,5
3542474385,1,1,20000,3000,600,600,3000,117,3,0,2880,0,4.18333,5
3542474385,1,1,25000,3000,600,600,3000,85,1,0,2914,0,4.23333,5
3542474385,1,2,2000,3000,600,600,2997,2242,482,273,0,0,3.96667,5
3542474385,1,2,4000,3000,600,600,2997,2242,482,273,0,0,3.98333,5
3542474385,1,2,6000,3000,600,600,2997,2242,482,273,0,0,4.15,5
3542474385,1,2,10000,3000,600,600,3000,673,24,2,2301,0,4.18333,5
3542474385,1,2,15000,3000,600,600,3000,210,6,0,2784,0,4.08333,5
3542474385,1,2,20000,3000,600,600,3000,117,3,0,2880,0,4.16667,5
3542474385,1,2,25000,3000,600,600,3000,85,1,0,2914,0,4.21667,5
3542474385,1,3,2000,3000,600,600,3000,2689,251,60,0,0,4.06667,5
3542474385,1,3,4000,3000,600,600,3000,2689,251,60,0,0,4.26667,5
3542474385,1,3,6000,3000,600,600,3000,2048,193,47,712,0,4.28333,5
3542474385,1,3,10000,3000,600,600,3000,476,19,0,2505,0,4.15,5
3542474385,1,3,15000,3000,600,600,3000,210,6,0,2784,0,2.2,5
3542474385,1,3,20000,3000,600,600,3000,117,3,0,2880,0,1.96667,5
3542474385,1,3,25000,3000,600,600,3000,85,1,0,2914,0,2,5
3542474385,1,4,2000,3000,600,600,3000,2590,406,4,0,0,1.95,5
3542474385,1,4,4000,3000,600,600,3000,2713,267,20,0,0,2.05,5
3542474385,1,4,6000,3000,600,600,2998,2325,451,222,0,0,2.01667,5
3542474385,1,4,10000,3000,600,600,2998,848,1118,594,438,0,2.03333,5
3542474385,1,4,15000,3000,600,600,3000,479,531,176,1814,0,2.06667,5
3542474385,1,4,20000,3000,600,600,2999,347,234,51,2367,0,2.05,5
3542474385,1,4,25000,3000,600,600,2999,270,111,10,2608,0,2.05,5
3542474385,1,5,2000,3000,600,600,3000,2689,251,60,0,0,2.03333,5
3542474385,1,5,4000,3000,600,600,3000,2662,254,84,0,0,2,5
3542474385,1,5,6000,3000,600,600,2997,1983,509,296,209,0,2.06667,5
3542474385,1,5,10000,3000,600,600,2996,533,1038,594,831,0,2.06667,5
3542474385,1,5,15000,3000,600,600,2998,324,581,249,1844,0,2.06667,5
3542474385,1,5,20000,3000,600,600,2998,253,294,106,2345,0,2.08333,5
3542474385,1,5,25000,3000,600,600,2998,215,148,37,2598,0,2,5
3542474385,1,8,2000,3000,600,600,2995,225,1654,1116,0,0,2.06667,5
3542474385,1,8,4000,3000,600,600,2995,225,1654,1116,0,0,2.01667,5
3542474385,1,8,6000,3000,600,600,2995,225,1654,1116,0,0,2.01667,5
3542474385,1,8,10000,3000,600,600,2996,228,1473,913,382,0,2,5
3542474385,1,8,15000,3000,600,600,2998,255,709,312,1722,0,2.03333,5
3542474385,1,8,20000,3000,600,600,2998,235,337,122,2304,0,2.01667,5
3542474385,1,8,25000,3000,600,600,2998,207,171,39,2581,0,2.01667,5
1355545876,1,1,2000,3000,600,600,3000,2613,384,3,0,0,1.96667,5
1355545876,1,1,4000,3000,600,600,3000,2613,384,3,0,0,1.96667,5
1355545876,1,1,6000,3000,600,600,3000,1361,99,2,1538,0,1.96667,5
1355545876,1,1,10000,3000,600,600,3000,537,11,0,2452,0,1.93333,5
1355545876,1,1,15000,3000,600,600,3000,234,0,0,2766,0,1.91667,5
1355545876,1,1,20000,3000,600,600,3000,116,0,0,2884,0,3.03333,5
1355545876,1,1,25000,3000,600,600,3000,73,0,0,2927,0,3.71667,5
1355545876,1,2,2000,3000,600,600,2997,2265,470,262,0,0,4.33333,5
1355545876,1,2,4000,3000,600,600,2997,2265,470,262,0,0,4.13333,5
1355545876,1,2,6000,3000,600,600,2997,2265,470,262,0,0,3.55,5
1355545876,1,2,10000,3000,600,600,3000,710,12,0,2278,0,1.93333,5
1355545876,1,2,15000,3000,600,600,3000,234,0,0,2766,0,1.96667,5
1355545876,1,2,20000,3000,600,600,3000,116,0,0,2884,0,1.98333,5
1355545876,1,2,25000,3000,600,600,3000,73,0,0,2927,0,2.05,5
1355545876,1,3,2000,3000,600,600,3000,2727,208,65,0,0,2.05,5
1355545876,1,3,4000,3000,600,600,3000,2727,208,65,0,0,1.96667,5
1355545876,1,3,6000,3000,600,600,3000,2048,152,55,745,0,2.06667,5
1355545876,1,3,10000,3000,600,600,3000,537,11,0,2452,0,2.05,5
1355545876,1,3,15000,3000,600,600,3000,234,0,0,2766,0,2.06667,5
1355545876,1,3,20000,3000,600,600,3000,116,0,0,2884,0,2.06667,5
1355545876,1,3,25000,3000,600,600,3000,73,0,0,2927,0,2.06667,5
1355545876,1,4,2000,3000,600,600,3000,2613,384,3,0,0,2.05,5
1355545876,1,4,4000,3000,600,600,3000,2729,256,15,0,0,2.05,5
1355545876,1,4,6000,3000,600,600,2998,2380,421,197,0,0,2.08333,5
1355545876,1,4,10000,3000,600,600,2994,887,1122,556,429,0,2.3,5
1355545876,1,4,15000,3000,600,600,2999,530,491,154,1824,0,2.35,5
1355545876,1,4,20000,3000,600,600,3000,388,224,43,2345,0,2.38333,5
1355545876,1,4,25000,3000,600,600,3000,282,100,22,2596,0,2.35,5
1355545876,1,5,2000,3000,600,600,3000,2727,208,65,0,0,2.3,5
1355545876,1,5,4000,3000,600,600,3000,2705,210,85,0,0,2.3,5
1355545876,1,5,6000,3000,600,600,2998,2059,455,272,212,0,2.3,5
1355545876,1,5,10000,3000,600,600,2995,585,1052,589,769,0,2.33333,5
1355545876,1,5,15000,3000,600,600,2999,336,578,235,1850,0,2.33333,5
1355545876,1,5,20000,3000,600,600,3000,279,305,96,2320,0,2.33333,5
1355545876,1,5,25000,3000,600,600,3000,230,142,46,2582,0,2.3,5
1355545876,1,8,2000,3000,600,600,2995,232,1663,1100,0,0,2.35,5
1355545876,1,8,4000,3000,600,600,2995,232,1663,1100,0,0,2.36667,5
1355545876,1,8,6000,3000,600,600,2995,232,1663,1100,0,0,2.1,5
1355545876,1,8,10000,3000,600,600,2995,245,1483,911,356,0,2.35,5
1355545876,1,8,15000,3000,600,600,2999,280,683,288,1748,0,2.36667,5
1355545876,1,8,20000,3000,600,600,3000,268,332,101,2299,0,2.33333,5
1355545876,1,8,25000,3000,600,600,3000,228,149,48,2575,0,2.33333,5
2024886366,1,1,2000,3000,600,600,3000,2613,383,4,0,0,2.26667,5
2024886366,1,1,4000,3000,600,600,3000,2613,383,4,0,0,2.26667,5
2024886366,1,1,6000,3000,600,600,3000,1425,101,0,1474,0,2.26667,5
2024886366,1,1,10000,3000,600,600,3000,514,20,0,2466,0,2.28333,5
2024886366,1,1,15000,3000,600,600,3000,226,2,0,2772,0,2.26667,5
2024886366,1,1,20000,3000,600,600,3000,139,1,0,2860,0,2.25,5
2024886366,1,1,25000,3000,600,600,3000,95,0,0,2905,0,2.26667,5
2024886366,1,2,2000,3000,600,600,2998,2254,467,277,0,0,2.26667,5
2024886366,1,2,4000,3000,600,600,2998,2254,467,277,0,0,2.3,5
2024886366,1,2,6000,3000,600,600,2998,2254,467,277,0,0,2.26667,5
2024886366,1,2,10000,3000,600,600,3000,697,24,0,2279,0,2.3,5
2024886366,1,2,15000,3000,600,600,3000,226,2,0,2772,0,2.31667,5
2024886366,1,2,20000,3000,600,600,3000,139,1,0,2860,0,2.3,5
2024886366,1,2,25000,3000,600,600,3000,95,0,0,2905,0,2.26667,5
2024886366,1,3,2000,3000,600,600,3000,2727,226,47,0,0,2.25,5
2024886366,1,3,4000,3000,600,600,3000,2727,226,47,0,0,2.3,5
2024886366,1,3,6000,3000,600,600,3000,2133,162,34,671,0,2.23333,5
2024886366,1,3,10000,3000,600,600,3000,514,20,0,2466,0,2.25,5
2024886366,1,3,15000,3000,600,600,3000,226,2,0,2772,0,2.13333,5
2024886366,1,3,20000,3000,600,600,3000,139,1,0,2860,0,2.2,5
2024886366,1,3,25000,3000,600,600,3000,95,0,0,2905,0,2.15,5
2024886366,1,4,2000,3000,600,600,3000,2613,383,4,0,0,2.25,5
2024886366,1,4,4000,3000,600,600,3000,2735,256,9,0,0,2.11667,5
2024886366,1,4,6000,3000,600,600,2999,2367,436,196,0,0,2.11667,5
2024886366,1,4,10000,3000,600,600,2998,884,1103,600,411,0,2.13333,5
2024886366,1,4,15000,3000,600,600,2999,503,544,144,1808,0,1.96667,5
2024886366,1,4,20000,3000,600,600,2999,343,266,55,2335,0,2.1,5
2024886366,1,4,25000,3000,600,600,3000,267,107,16,2610,0,2.1,5
2024886366,1,5,2000,3000,600,600,3000,2727,226,47,0,0,2.06667,5
2024886366,1,5,4000,3000,600,600,3000,2688,249,63,0,0,2.06667,5
2024886366,1,5,6000,3000,600,600,3000,2084,473,263,180,0,2.11667,5
2024886366,1,5,10000,3000,600,600,2997,553,1073,623,748,0,2.16667,5
2024886366,1,5,15000,3000,600,600,2999,312,633,227,1827,0,2.06667,5
2024886366,1,5,20000,3000,600,600,2999,253,321,85,2340,0,2.08333,5
2024886366,1,5,25000,3000,600,600,3000,205,153,39,2603,0,2.06667,5
2024886366,1,8,2000,3000,600,600,2996,211,1663,1122,0,0,2.03333,5
2024886366,1,8,4000,3000,600,600,2996,211,1663,1122,0,0,2.13333,5
2024886366,1,8,6000,3000,600,600,2996,211,1663,1122,0,0,2.11667,5
2024886366,1,8,10000,3000,600,600,2997,223,1484,934,356,0,2.11667,5
2024886366,1,8,15000,3000,600,600,2999,252,741,279,1727,0,2.11667,5
2024886366,1,8,20000,3000,600,600,2999,243,353,95,2308,0,2.13333,5
2024886366,1,8,25000,3000,600,600,3000,212,159,41,2588,0,2.11667,5
851287408,1,1,2000,3000,600,600,3000,2629,366,5,0,0,2.11667,5
851287408,1,1,4000,3000,600,600,3000,2629,366,5,0,0,2.21667,5
851287408,1,1,6000,3000,600,600,3000,1343,116,1,1540,0,2.16667,5
851287408,1,1,10000,3000,600,600,3000,519,18,1,2462,0,2.2,5
851287408,1,1,15000,3000,600,600,3000,241,6,0,2753,0,2.25,5
851287408,1,1,20000,3000,600,600,3000,141,1,0,2858,0,2.25,5
851287408,1,1,25000,3000,600,600,3000,85,0,0,2915,0,2.25,5
851287408,1,2,2000,3000,600,600,2998,2229,497,272,0,0,2.21667,5
851287408,1,2,4000,3000,600,600,2998,2229,497,272,0,0,2.21667,5
851287408,1,2,6000,3000,600,600,2998,2229,497,272,0,0,2.25,5
851287408,1,2,10000,3000,600,600,3000,700,16,1,2283,0,2.23333,5
851287408,1,2,15000,3000,600,600,3000,241,6,0,2753,0,2.21667,5
851287408,1,2,20000,3000,600,600,3000,141,1,0,2858,0,2.26667,5
851287408,1,2,25000,3000,600,600,3000,85,0,0,2915,0,2.28333,5
851287408,1,3,2000,3000,600,600,2999,2725,222,52,0,0,2.26667,5
851287408,1,3,4000,3000,600,600,2999,2725,222,52,0,0,2.28333,5
851287408,1,3,6000,3000,600,600,2999,2078,161,42,718,0,2.28333,5
851287408,1,3,10000,3000,600,600,3000,519,18,1,2462,0,2.26667,5
851287408,1,3,15000,3000,600,600,3000,241,6,0,2753,0,2.28333,5
851287408,1,3,20000,3000,600,600,3000,141,1,0,2858,0,2.31667,5
851287408,1,3,25000,3000,600,600,3000,85,0,0,2915,0,2.28333,5
851287408,1,4,2000,3000,600,600,3000,2629,366,5,0,0,2.26667,5
851287408,1,4,4000,3000,600,600,3000,2707,277,16,0,0,2.26667,5
851287408,1,4,6000,3000,600,600,2998,2331,444,223,0,0,2.25,5
851287408,1,4,10000,3000,600,600,2997,888,1081,581,447,0,2.28333,5
851287408,1,4,15000,3000,600,600,2998,562,469,146,1821,0,2.28333,5
851287408,1,4,20000,3000,600,600,2999,372,231,58,2338,0,2.31667,5
851287408,1,4,25000,3000,600,600,3000,291,108,30,2571,0,2.35,5
851287408,1,5,2000,3000,600,600,2999,2725,222,52,0,0,2.4,5
851287408,1,5,4000,3000,600,600,2998,2695,225,78,0,0,2.36667,5
851287408,1,5,6000,3000,600,600,2998,2141,425,263,169,0,2.4,5
851287408,1,5,10000,3000,600,600,2999,599,1016,604,780,0,2.41667,5
851287408,1,5,15000,3000,600,600,2998,361,537,237,1863,0,2.45,5
851287408,1,5,20000,3000,600,600,2998,282,278,99,2339,0,2.43333,5
851287408,1,5,25000,3000,600,600,2999,231,150,53,2565,0,2.38333,5
851287408,1,8,2000,3000,600,600,2997,232,1653,1112,0,0,2.2,5
851287408,1,8,4000,3000,600,600,2997,232,1653,1112,0,0,2.38333,5
851287408,1,8,6000,3000,600,600,2997,232,1653,1112,0,0,2.4,5
851287408,1,8,10000,3000,600,600,2995,249,1442,917,387,0,2.4,5
851287408,1,8,15000,3000,600,600,2997,284,686,295,1732,0,2.4,5
851287408,1,8,20000,3000,600,600,2998,257,333,113,2295,0,2.4,5
851287408,1,8,25000,3000,600,600,2999,225,171,54,2549,0,2.38333,5
1643119581,1,1,2000,3000,600,600,3000,2587,408,5,0,0,2.31667,5
1643119581,1,1,4000,3000,600,600,3000,2587,408,5,0,0,2.38333,5
1643119581,1,1,6000,3000,600,600,3000,1376,113,1,1510,0,2.38333,5
1643119581,1,1,10000,3000,600,600,3000,552,17,0,2431,0,2.38333,5
1643119581,1,1,15000,3000,600,600,3000,243,2,0,2755,0,2.36667,5
1643119581,1,1,20000,3000,600,600,3000,137,0,0,2863,0,2.38333,5
1643119581,1,1,25000,3000,600,600,3000,87,0,0,2913,0,2.38333,5
1643119581,1,2,2000,3000,600,600,2997,2250,479,268,0,0,2.4,5
1643119581,1,2,4000,3000,600,600,2997,2250,479,268,0,0,2.38333,5
1643119581,1,2,6000,3000,600,600,2997,2250,479,268,0,0,2.41667,5
1643119581,1,2,10000,3000,600,600,3000,721,23,1,2255,0,2.38333,5
1643119581,1,2,15000,3000,600,600,3000,243,2,0,2755,0,2.1,5
1643119581,1,2,20000,3000,600,600,3000,137,0,0,2863,0,2.21667,5
1643119581,1,2,25000,3000,600,600,3000,87,0,0,2913,0,2.26667,5
1643119581,1,3,2000,3000,600,600,2999,2729,221,49,0,0,2.25,5
1643119581,1,3,4000,3000,600,600,2999,2729,221,49,0,0,2.26667,5
1643119581,1,3,6000,3000,600,600,3000,2130,158,38,674,0,2.23333,5
1643119581,1,3,10000,3000,600,600,3000,552,17,0,2431,0,2.23333,5
1643119581,1,3,15000,3000,600,600,3000,243,2,0,2755,0,2.2,5
1643119581,1,3,20000,3000,600,600,3000,137,0,0,2863,0,2.33333,5
1643119581,1,3,25000,3000,600,600,3000,87,0,0,2913,0,2.35,5
1643119581,1,4,2000,3000,600,600,3000,2587,408,5,0,0,2.31667,5
1643119581,1,4,4000,3000,600,600,2999,2725,255,19,0,0,2.31667,5
1643119581,1,4,6000,3000,600,600,2997,2395,414,188,0,0,2.35,5
1643119581,1,4,10000,3000,600,600,2998,861,1125,592,420,0,2.35,5
1643119581,1,4,15000,3000,600,600,2998,580,465,132,1821,0,2.35,5
1643119581,1,4,20000,3000,600,600,3000,389,240,54,2317,0,2.36667,5
1643119581,1,4,25000,3000,600,600,3000,311,122,16,2551,0,2.43333,5
1643119581,1,5,2000,3000,600,600,2999,2729,221,49,0,0,2.41667,5
1643119581,1,5,4000,3000,600,600,2999,2701,236,62,0,0,2.41667,5
1643119581,1,5,6000,3000,600,600,2998,2092,449,283,174,0,2.41667,5
1643119581,1,5,10000,3000,600,600,2998,563,1037,623,775,0,2.16667,5
1643119581,1,5,15000,3000,600,600,2999,357,564,233,1845,0,2.41667,5
1643119581,1,5,20000,3000,600,600,3000,281,317,91,2311,0,2.43333,5
1643119581,1,5,25000,3000,600,600,3000,239,184,41,2536,0,2.45,5
1643119581,1,8,2000,3000,600,600,2995,231,1642,1122,0,0,2.43333,5
1643119581,1,8,4000,3000,600,600,2995,231,1642,1122,0,0,2.46667,5
1643119581,1,8,6000,3000,600,600,2995,231,1642,1122,0,0,2.41667,5
1643119581,1,8,10000,3000,600,600,2996,241,1459,937,359,0,2.45,5
1643119581,1,8,15000,3000,600,600,2998,281,700,299,1718,0,2.46667,5
1643119581,1,8,20000,3000,600,600,3000,259,356,116,2269,0,2.46667,5
1643119581,1,8,25000,3000,600,600,3000,231,198,49,2522,0,2.45,5
3082411884,1,1,2000,3000,600,600,3000,2643,349,8,0,0,2.4,5
3082411884,1,1,4000,3000,600,600,3000,2643,349,8,0,0,2.4,5
3082411884,1,1,6000,3000,600,600,3000,1388,129,0,1483,0,2.38333,5
3082411884,1,1,10000,3000,600,600,3000,535,14,0,2451,0,2.4,5
3082411884,1,1,15000,3000,600,600,3000,241,3,0,2756,0,2.38333,5
3082411884,1,1,20000,3000,600,600,3000,127,1,0,2872,0,2.36667,5
3082411884,1,1,25000,3000,600,600,3000,84,0,0,2916,0,2.4,5
3082411884,1,2,2000,3000,600,600,2999,2270,465,264,0,0,2.4,5
3082411884,1,2,4000,3000,600,600,2999,2270,465,264,0,0,2.4,5
3082411884,1,2,6000,3000,600,600,2999,2270,465,264,0,0,2.41667,5
3082411884,1,2,10000,3000,600,600,3000,704,15,1,2280,0,2.43333,5
3082411884,1,2,15000,3000,600,600,3000,241,3,0,2756,0,2.28333,5
3082411884,1,2,20000,3000,600,600,3000,127,1,0,2872,0,2.38333,5
3082411884,1,2,25000,3000,600,600,3000,84,0,0,2916,0,2.41667,5
3082411884,1,3,2000,3000,600,600,3000,2725,221,54,0,0,2.4,5
3082411884,1,3,4000,3000,600,600,3000,2725,221,54,0,0,2.36667,5
3082411884,1,3,6000,3000,600,600,3000,2146,173,48,633,0,2.38333,5
3082411884,1,3,10000,3000,600,600,3000,535,14,0,2451,0,2.38333,5
3082411884,1,3,15000,3000,600,600,3000,241,3,0,2756,0,2.06667,5
3082411884,1,3,20000,3000,600,600,3000,127,1,0,2872,0,2.06667,5
3082411884,1,3,25000,3000,600,600,3000,84,0,0,2916,0,2.05,5
3082411884,1,4,2000,3000,600,600,3000,2643,349,8,0,0,2.08333,5
3082411884,1,4,4000,3000,600,600,3000,2747,236,17,0,0,2.08333,5
3082411884,1,4,6000,3000,600,600,2999,2394,412,193,0,0,2.08333,5
3082411884,1,4,10000,3000,600,600,2996,859,1120,620,397,0,2.1,5
3082411884,1,4,15000,3000,600,600,2998,557,492,148,1801,0,2.1,5
3082411884,1,4,20000,3000,600,600,2999,380,234,54,2331,0,2.25,5
3082411884,1,4,25000,3000,600,600,2999,292,127,33,2547,0,2.15,5
3082411884,1,5,2000,3000,600,600,3000,2725,221,54,0,0,2.11667,5
3082411884,1,5,4000,3000,600,600,3000,2716,209,75,0,0,2.08333,5
3082411884,1,5,6000,3000,600,600,2997,2156,397,270,174,0,2.11667,5
3082411884,1,5,10000,3000,600,600,2995,544,1070,606,775,0,2.16667,5
3082411884,1,5,15000,3000,600,600,2998,342,583,215,1858,0,2.18333,5
3082411884,1,5,20000,3000,600,600,2999,272,298,84,2345,0,2.13333,5
3082411884,1,5,25000,3000,600,600,2999,233,169,42,2555,0,2.1,5
3082411884,1,8,2000,3000,600,600,2994,224,1655,1115,0,0,2.11667,5
3082411884,1,8,4000,3000,600,600,2994,224,1655,1115,0,0,2.13333,5
3082411884,1,8,6000,3000,600,600,2994,224,1655,1115,0,0,2.13333,5
3082411884,1,8,10000,3000,600,600,2995,234,1484,924,353,0,2.13333,5
3082411884,1,8,15000,3000,600,600,2997,259,732,298,1708,0,2.2,5
3082411884,1,8,20000,3000,600,600,2999,237,365,115,2282,0,2.13333,5
3082411884,1,8,25000,3000,600,600,2999,212,203,62,2522,0,2.11667,5
2195988452,1,1,2000,3000,600,600,3000,2572,422,6,0,0,2.1,5
2195988452,1,1,4000,3000,600,600,3000,2572,422,6,0,0,2.11667,5
2195988452,1,1,6000,3000,600,600,3000,1345,131,1,1523,0,2.1,5
2195988452,1,1,10000,3000,600,600,3000,487,20,0,2493,0,2.06667,5
2195988452,1,1,15000,3000,600,600,3000,233,2,0,2765,0,2.03333,5
2195988452,1,1,20000,3000,600,600,3000,134,0,0,2866,0,2.06667,5
2195988452,1,1,25000,3000,600,600,3000,88,0,0,2912,0,2.03333,5
2195988452,1,2,2000,3000,600,600,2998,2214,497,287,0,0,2.1,5
2195988452,1,2,4000,3000,600,600,2998,2214,497,287,0,0,2.08333,5
2195988452,1,2,6000,3000,600,600,2998,2214,497,287,0,0,2.08333,5
2195988452,1,2,10000,3000,600,600,3000,698,19,2,2281,0,2.11667,5
2195988452,1,2,15000,3000,600,600,3000,233,2,0,2765,0,2.4,5
2195988452,1,2,20000,3000,600,600,3000,134,0,0,2866,0,2.4,5
2195988452,1,2,25000,3000,600,600,3000,88,0,0,2912,0,2.4,5
2195988452,1,3,2000,3000,600,600,2999,2686,252,61,0,0,2.36667,5
2195988452,1,3,4000,3000,600,600,2999,2686,252,61,0,0,2.36667,5
2195988452,1,3,6000,3000,600,600,2999,2064,195,44,696,0,2.03333,5
2195988452,1,3,10000,3000,600,600,3000,487,20,0,2493,0,2.38333,5
2195988452,1,3,15000,3000,600,600,3000,233,2,0,2765,0,2.36667,5
2195988452,1,3,20000,3000,600,600,3000,134,0,0,2866,0,2.36667,5
2195988452,1,3,25000,3000,600,600,3000,88,0,0,2912,0,2.35,5
2195988452,1,4,2000,3000,600,600,3000,2572,422,6,0,0,2.41667,5
2195988452,1,4,4000,3000,600,600,3000,2689,292,19,0,0,2.41667,5
2195988452,1,4,6000,3000,600,600,2998,2302,474,222,0,0,2.36667,5
2195988452,1,4,10000,3000,600,600,2997,843,1111,598,445,0,2.46667,5
2195988452,1,4,15000,3000,600,600,2997,505,520,175,1797,0,2.41667,5
2195988452,1,4,20000,3000,600,600,2999,360,223,50,2366,0,2.45,5
2195988452,1,4,25000,3000,600,600,2999,281,102,13,2603,0,2.45,5
2195988452,1,5,2000,3000,600,600,2999,2686,252,61,0,0,2.36667,5
2195988452,1,5,4000,3000,600,600,2999,2672,254,73,0,0,2.41667,5
2195988452,1,5,6000,3000,600,600,2998,2037,483,278,200,0,2.43333,5
2195988452,1,5,10000,3000,600,600,2996,561,1024,617,794,0,2.33333,5
2195988452,1,5,15000,3000,600,600,2996,346,571,222,1857,0,2.45,5
2195988452,1,5,20000,3000,600,600,2998,262,290,71,2375,0,2.45,5
2195988452,1,5,25000,3000,600,600,2998,221,148,32,2597,0,2.43333,5
2195988452,1,8,2000,3000,600,600,2995,229,1636,1130,0,0,2.36667,5
2195988452,1,8,4000,3000,600,600,2995,229,1636,1130,0,0,2.45,5
2195988452,1,8,6000,3000,600,600,2995,229,1636,1130,0,0,2.4,5
2195988452,1,8,10000,3000,600,600,2994,248,1427,949,370,0,2.38333,5
2195988452,1,8,15000,3000,600,600,2996,284,698,303,1711,0,2.38333,5
2195988452,1,8,20000,3000,600,600,2998,251,323,96,2328,0,2.38333,5
2195988452,1,8,25000,3000,600,600,2998,216,162,38,2582,0,2.38333,5
4140775818,1,1,2000,3000,600,600,3000,2584,410,6,0,0,2.36667,5
4140775818,1,1,4000,3000,600,600,3000,2584,410,6,0,0,2.3,5
4140775818,1,1,6000,3000,600,600,3000,1318,132,1,1549,0,2.38333,5
4140775818,1,1,10000,3000,600,600,3000,511,12,0,2477,0,2.4,5
4140775818,1,1,15000,3000,600,600,3000,212,2,0,2786,0,2.38333,5
4140775818,1,1,20000,3000,600,600,3000,111,1,0,2888,0,2.41667,5
4140775818,1,1,25000,3000,600,600,3000,72,1,0,2927,0,2.41667,5
4140775818,1,2,2000,3000,600,600,2998,2228,488,282,0,0,2.41667,5
4140775818,1,2,4000,3000,600,600,2998,2228,488,282,0,0,2.28333,5
4140775818,1,2,6000,3000,600,600,2998,2228,488,282,0,0,2.21667,5
4140775818,1,2,10000,3000,600,600,3000,691,26,0,2283,0,2.08333,5
4140775818,1,2,15000,3000,600,600,3000,212,2,0,2786,0,2.11667,5
4140775818,1,2,20000,3000,600,600,3000,111,1,0,2888,0,2.11667,5
4140775818,1,2,25000,3000,600,600,3000,72,1,0,2927,0,2.13333,5
4140775818,1,3,2000,3000,600,600,2999,2683,253,63,0,0,2.06667,5
4140775818,1,3,4000,3000,600,600,2999,2683,253,63,0,0,2.13333,5
4140775818,1,3,6000,3000,600,600,3000,1996,194,52,758,0,2.11667,5
4140775818,1,3,10000,3000,600,600,3000,511,12,0,2477,0,2.26667,5
4140775818,1,3,15000,3000,600,600,3000,212,2,0,2786,0,2.28333,5
4140775818,1,3,20000,3000,600,600,3000,111,1,0,2888,0,2.31667,5
4140775818,1,3,25000,3000,600,600,3000,72,1,0,2927,0,2.38333,5
4140775818,1,4,2000,3000,600,600,3000,2584,410,6,0,0,2.35,5
4140775818,1,4,4000,3000,600,600,2999,2685,296,18,0,0,2.35,5
4140775818,1,4,6000,3000,600,600,2999,2274,502,223,0,0,2.36667,5
4140775818,1,4,10000,3000,600,600,2998,847,1095,598,458,0,2.4,5
4140775818,1,4,15000,3000,600,600,3000,509,499,166,1826,0,2.31667,5
4140775818,1,4,20000,3000,600,600,3000,347,248,62,2343,0,2.38333,5
4140775818,1,4,25000,3000,600,600,3000,249,124,29,2598,0,2.36667,5
4140775818,1,5,2000,3000,600,600,2999,2683,253,63,0,0,2.33333,5
4140775818,1,5,4000,3000,600,600,2999,2644,274,81,0,0,2.33333,5
4140775818,1,5,6000,3000,600,600,3000,2032,485,268,215,0,2.33333,5
4140775818,1,5,10000,3000,600,600,3000,545,1051,628,776,0,2.35,5
4140775818,1,5,15000,3000,600,600,3000,317,579,252,1852,0,2.2,5
4140775818,1,5,20000,3000,600,600,3000,248,309,111,2332,0,2.2,5
4140775818,1,5,25000,3000,600,600,3000,207,152,57,2584,0,2.13333,5
4140775818,1,8,2000,3000,600,600,2997,229,1641,1127,0,0,2.08333,5
4140775818,1,8,4000,3000,600,600,2997,229,1641,1127,0,0,2.06667,5
4140775818,1,8,6000,3000,600,600,2997,229,1641,1127,0,0,2.1,5
4140775818,1,8,10000,3000,600,600,2998,247,1434,934,383,0,2.06667,5
4140775818,1,8,15000,3000,600,600,3000,259,699,301,1741,0,2.06667,5
4140775818,1,8,20000,3000,600,600,3000,242,345,122,2291,0,2.25,5
4140775818,1,8,25000,3000,600,600,3000,209,162,58,2571,0,2.06667,5
3149183551,1,1,2000,3000,600,600,2999,2579,413,7,0,0,2.01667,5
3149183551,1,1,4000,3000,600,600,2999,2579,413,7,0,0,2.01667,5
3149183551,1,1,6000,3000,600,600,3000,1322,115,0,1563,0,2.05,5
3149183551,1,1,10000,3000,600,600,3000,501,10,0,2489,0,2.03333,5
3149183551,1,1,15000,3000,600,600,3000,232,4,0,2764,0,2.03333,5
3149183551,1,1,20000,3000,600,600,3000,125,2,0,2873,0,2.08333,5
3149183551,1,1,25000,3000,600,600,3000,78,1,0,2921,0,2.1,5
3149183551,1,2,2000,3000,600,600,2996,2255,449,292,0,0,2.1,5
3149183551,1,2,4000,3000,600,600,2996,2255,449,292,0,0,2.11667,5
3149183551,1,2,6000,3000,600,600,2996,2255,449,292,0,0,2.1,5
3149183551,1,2,10000,3000,600,600,3000,687,15,1,2297,0,2.1,5
3149183551,1,2,15000,3000,600,600,3000,232,4,0,2764,0,2.11667,5
3149183551,1,2,20000,3000,600,600,3000,125,2,0,2873,0,2.11667,5
3149183551,1,2,25000,3000,600,600,3000,78,1,0,2921,0,2,5
3149183551,1,3,2000,3000,600,600,2999,2671,262,66,0,0,2.11667,5
3149183551,1,3,4000,3000,600,600,2999,2671,262,66,0,0,2.1,5
3149183551,1,3,6000,3000,600,600,3000,2008,188,46,758,0,2.1,5
3149183551,1,3,10000,3000,600,600,3000,501,10,0,2489,0,2.1,5
3149183551,1,3,15000,3000,600,600,3000,232,4,0,2764,0,2.11667,5
3149183551,1,3,20000,3000,600,600,3000,125,2,0,2873,0,2.1,5
3149183551,1,3,25000,3000,600,600,3000,78,1,0,2921,0,2.06667,5
3149183551,1,4,2000,3000,600,600,2999,2579,413,7,0,0,2.06667,5
3149183551,1,4,4000,3000,600,600,2999,2682,296,21,0,0,2.11667,5
3149183551,1,4,6000,3000,600,600,2997,2306,455,236,0,0,2.1,5
3149183551,1,4,10000,3000,600,600,2994,847,1097,618,432,0,2.13333,5
3149183551,1,4,15000,3000,600,600,2998,503,516,172,1807,0,2.15,5
3149183551,1,4,20000,3000,600,600,2999,365,227,50,2357,0,2.13333,5
3149183551,1,4,25000,3000,600,600,2998,273,106,33,2586,0,2.1,5
3149183551,1,5,2000,3000,600,600,2999,2671,262,66,0,0,2.1,5
3149183551,1,5,4000,3000,600,600,2999,2664,251,84,0,0,2.1,5
3149183551,1,5,6000,3000,600,600,2996,2055,448,291,202,0,2.1,5
3149183551,1,5,10000,3000,600,600,2995,548,1036,654,757,0,2.13333,5
3149183551,1,5,15000,3000,600,600,2997,333,585,232,1847,0,2.16667,5
3149183551,1,5,20000,3000,600,600,2998,270,296,97,2335,0,2.13333,5
3149183551,1,5,25000,3000,600,600,2998,220,145,52,2581,0,2.16667,5
3149183551,1,8,2000,3000,600,600,2995,222,1649,1124,0,0,2.15,5
3149183551,1,8,4000,3000,600,600,2995,222,1649,1124,0,0,2.15,5
3149183551,1,8,6000,3000,600,600,2995,222,1649,1124,0,0,1.93333,5
3149183551,1,8,10000,3000,600,600,2995,255,1438,926,376,0,2.16667,5
3149183551,1,8,15000,3000,600,600,2997,280,692,292,1733,0,2.15,5
3149183551,1,8,20000,3000,600,600,2998,256,324,111,2307,0,2.15,5
3149183551,1,8,25000,3000,600,600,2998,222,152,55,2569,0,2.15,5
1704967566,1,1,2000,3000,600,600,3000,2578,419,3,0,0,2.11667,5
1704967566,1,1,4000,3000,600,600,3000,2578,419,3,0,0,2.1,5
1704967566,1,1,6000,3000,600,600,3000,1346,128,1,1525,0,2.06667,5
1704967566,1,1,10000,3000,600,600,3000,506,21,0,2473,0,2.11667,5
1704967566,1,1,15000,3000,600,600,3000,239,1,0,2760,0,2.11667,5
1704967566,1,1,20000,3000,600,600,3000,128,0,0,2872,0,2.08333,5
1704967566,1,1,25000,3000,600,600,3000,77,0,0,2923,0,2.08333,5
1704967566,1,2,2000,3000,600,600,2996,2258,484,254,0,0,1.91667,5
1704967566,1,2,4000,3000,600,600,2996,2258,484,254,0,0,2.15,5
1704967566,1,2,6000,3000,600,600,2996,2258,484,254,0,0,2.13333,5
1704967566,1,2,10000,3000,600,600,3000,684,15,3,2298,0,2.13333,5
1704967566,1,2,15000,3000,600,600,3000,239,1,0,2760,0,2.13333,5
1704967566,1,2,20000,3000,600,600,3000,128,0,0,2872,0,2.13333,5
1704967566,1,2,25000,3000,600,600,3000,77,0,0,2923,0,2.13333,5
1704967566,1,3,2000,3000,600,600,2998,2701,262,35,0,0,2.13333,5
1704967566,1,3,4000,3000,600,600,2998,2701,262,35,0,0,2.13333,5
1704967566,1,3,6000,3000,600,600,2998,2081,187,29,701,0,2.13333,5
1704967566,1,3,10000,3000,600,600,3000,507,20,0,2473,0,2.08333,5
1704967566,1,3,15000,3000,600,600,3000,239,1,0,2760,0,2.11667,5
1704967566,1,3,20000,3000,600,600,3000,128,0,0,2872,0,2.1,5
1704967566,1,3,25000,3000,600,600,3000,77,0,0,2923,0,2.11667,5
1704967566,1,4,2000,3000,600,600,3000,2578,419,3,0,0,2.13333,5
1704967566,1,4,4000,3000,600,600,2999,2712,276,11,0,0,2.1,5
1704967566,1,4,6000,3000,600,600,2997,2372,445,180,0,0,2.1,5
1704967566,1,4,10000,3000,600,600,2997,854,1103,578,462,0,2.11667,5
1704967566,1,4,15000,3000,600,600,3000,515,504,150,1831,0,2.13333,5
1704967566,1,4,20000,3000,600,600,2997,364,222,53,2358,0,2.11667,5
1704967566,1,4,25000,3000,600,600,2997,276,114,28,2579,0,2.11667,5
1704967566,1,5,2000,3000,600,600,2998,2701,262,35,0,0,2,5
1704967566,1,5,4000,3000,600,600,2998,2689,248,61,0,0,2.11667,5
1704967566,1,5,6000,3000,600,600,2997,2105,438,264,190,0,2.11667,5
1704967566,1,5,10000,3000,600,600,2999,563,1038,600,798,0,2.15,5
1704967566,1,5,15000,3000,600,600,2999,328,575,232,1864,0,2.15,5
1704967566,1,5,20000,3000,600,600,2997,259,283,90,2365,0,2.13333,5
1704967566,1,5,25000,3000,600,600,2997,221,154,42,2580,0,2.11667,5
1704967566,1,8,2000,3000,600,600,2993,216,1670,1107,0,0,2.15,5
1704967566,1,8,4000,3000,600,600,2993,216,1670,1107,0,0,2.13333,5
1704967566,1,8,6000,3000,600,600,2993,216,1670,1107,0,0,2.15,5
1704967566,1,8,10000,3000,600,600,2996,238,1458,903,397,0,2.15,5
1704967566,1,8,15000,3000,600,600,2998,263,700,279,1756,0,2.13333,5
1704967566,1,8,20000,3000,600,600,2997,244,332,107,2314,0,2.13333,5
1704967566,1,8,25000,3000,600,600,2997,216,172,44,2565,0,2.16667,5
1658250653,1,1,2000,3000,600,600,3000,2611,385,4,0,0,2.11667,5
1658250653,1,1,4000,3000,600,600,3000,2611,385,4,0,0,2.6,5
1658250653,1,1,6000,3000,600,600,3000,1437,104,1,1458,0,2.18333,5
1658250653,1,1,10000,3000,600,600,3000,553,10,0,2437,0,2.1,5
1658250653,1,1,15000,3000,600,600,3000,227,1,0,2772,0,1.93333,5
1658250653,1,1,20000,3000,600,600,3000,125,0,0,2875,0,2.16667,5
1658250653,1,1,25000,3000,600,600,3000,79,0,0,2921,0,2.28333,5
1658250653,1,2,2000,3000,600,600,2995,2241,457,297,0,0,2.88333,5
1658250653,1,2,4000,3000,600,600,2995,2240,458,297,0,0,4.35,5
1658250653,1,2,6000,3000,600,600,2995,2240,458,297,0,0,4.16667,5
1658250653,1,2,10000,3000,600,600,3000,788,20,0,2192,0,4.33333,5
1658250653,1,2,15000,3000,600,600,3000,227,1,0,2772,0,3.86667,5
1658250653,1,2,20000,3000,600,600,3000,125,0,0,2875,0,4.08333,5
1658250653,1,2,25000,3000,600,600,3000,79,0,0,2921,0,3.48333,5
1658250653,1,3,2000,3000,600,600,2998,2708,229,61,0,0,3.13333,5
1658250653,1,3,4000,3000,600,600,2998,2708,229,61,0,0,4.15,5
1658250653,1,3,6000,3000,600,600,2998,2192,177,52,577,0,3.71667,5
1658250653,1,3,10000,3000,600,600,3000,553,10,0,2437,0,2.1,5
1658250653,1,3,15000,3000,600,600,3000,227,1,0,2772,0,2.15,5
1658250653,1,3,20000,3000,600,600,3000,125,0,0,2875,0,2.1,5
1658250653,1,3,25000,3000,600,600,3000,79,0,0,2921,0,2.1,5
1658250653,1,4,2000,3000,600,600,3000,2611,385,4,0,0,2.11667,5
1658250653,1,4,4000,3000,600,600,3000,2761,223,16,0,0,2.73333,5
1658250653,1,4,6000,3000,600,600,2996,2381,398,217,0,0,2.1,5
1658250653,1,4,10000,3000,600,600,2996,933,1069,579,415,0,2.15,5
1658250653,1,4,15000,3000,600,600,2998,541,530,166,1761,0,2.11667,5
1658250653,1,4,20000,3000,600,600,2999,382,277,62,2278,0,2.13333,5
1658250653,1,4,25000,3000,600,600,3000,268,143,29,2560,0,2.13333,5
1658250653,1,5,2000,3000,600,600,2998,2708,229,61,0,0,2.1,5
1658250653,1,5,4000,3000,600,600,2998,2647,265,86,0,0,2.11667,5
1658250653,1,5,6000,3000,600,600,2996,2112,432,290,162,0,2.13333,5
1658250653,1,5,10000,3000,600,600,2997,578,992,647,780,0,2.1,5
1658250653,1,5,15000,3000,600,600,2998,342,608,259,1789,0,2.1,5
1658250653,1,5,20000,3000,600,600,2999,262,348,107,2282,0,2.15,5
1658250653,1,5,25000,3000,600,600,3000,211,178,42,2569,0,2.15,5
1658250653,1,8,2000,3000,600,600,2993,225,1641,1127,0,0,2.13333,5
1658250653,1,8,4000,3000,600,600,2993,225,1641,1127,0,0,2.11667,5
1658250653,1,8,6000,3000,600,600,2993,225,1641,1127,0,0,2.13333,5
1658250653,1,8,10000,3000,600,600,2995,244,1465,936,350,0,2.15,5
1658250653,1,8,15000,3000,600,600,2998,267,747,310,1674,0,2.11667,5
1658250653,1,8,20000,3000,600,600,2999,251,389,122,2237,0,2.11667,5
1658250653,1,8,25000,3000,600,600,3000,218,188,42,2552,0,2.13333,5
2292590573,1,1,2000,3000,600,600,2999,2596,400,3,0,0,2.11667,5
2292590573,1,1,4000,3000,600,600,2999,2596,400,3,0,0,2.11667,5
2292590573,1,1,6000,3000,600,600,2999,1391,113,0,1495,0,1.9,5
2292590573,1,1,10000,3000,600,600,3000,511,7,0,2482,0,2.11667,5
2292590573,1,1,15000,3000,600,600,3000,255,2,0,2743,0,2.11667,5
2292590573,1,1,20000,3000,600,600,3000,147,0,0,2853,0,2.08333,5
2292590573,1,1,25000,3000,600,600,3000,95,0,0,2905,0,2.1,5
2292590573,1,2,2000,3000,600,600,2997,2254,481,262,0,0,2.11667,5
2292590573,1,2,4000,3000,600,600,2997,2254,481,262,0,0,2.08333,5
2292590573,1,2,6000,3000,600,600,2997,2254,481,262,0,0,2.1,5
2292590573,1,2,10000,3000,600,600,3000,723,23,0,2254,0,2.08333,5
2292590573,1,2,15000,3000,600,600,3000,255,2,0,2743,0,2.1,5
2292590573,1,2,20000,3000,600,600,3000,147,0,0,2853,0,2.08333,5
2292590573,1,2,25000,3000,600,600,3000,95,0,0,2905,0,2.11667,5
2292590573,1,3,2000,3000,600,600,2998,2728,226,44,0,0,2.1,5
2292590573,1,3,4000,3000,600,600,2998,2728,226,44,0,0,2.05,5
2292590573,1,3,6000,3000,600,600,2998,2145,164,39,650,0,2.05,5
2292590573,1,3,10000,3000,600,600,3000,511,7,0,2482,0,2.53333,5
2292590573,1,3,15000,3000,600,600,3000,255,2,0,2743,0,4.28333,5
2292590573,1,3,20000,3000,600,600,3000,147,0,0,2853,0,4.21667,5
2292590573,1,3,25000,3000,600,600,3000,95,0,0,2905,0,3.95,5
2292590573,1,4,2000,3000,600,600,2999,2596,400,3,0,0,4.1,5
2292590573,1,4,4000,3000,600,600,2999,2727,261,11,0,0,4.23333,5
2292590573,1,4,6000,3000,600,600,2997,2384,419,194,0,0,4.11667,5
2292590573,1,4,10000,3000,600,600,2994,917,1135,562,380,0,3.76667,5
2292590573,1,4,15000,3000,600,600,2996,526,503,178,1789,0,4.18333,5
2292590573,1,4,20000,3000,600,600,2998,403,196,31,2368,0,4.16667,5
2292590573,1,4,25000,3000,600,600,2998,301,98,19,2580,0,3.05,5
2292590573,1,5,2000,3000,600,600,2998,2728,226,44,0,0,2.15,5
2292590573,1,5,4000,3000,600,600,2998,2713,218,67,0,0,2.48333,5
2292590573,1,5,6000,3000,600,600,2996,2124,435,256,181,0,2.15,5
2292590573,1,5,10000,3000,600,600,2993,593,1054,589,757,0,2.08333,5
2292590573,1,5,15000,3000,600,600,2995,369,554,239,1833,0,2.26667,5
2292590573,1,5,20000,3000,600,600,2998,295,272,79,2352,0,2.15,5
2292590573,1,5,25000,3000,600,600,2998,243,140,36,2579,0,2.15,5
2292590573,1,8,2000,3000,600,600,2992,240,1646,1106,0,0,2.11667,5
2292590573,1,8,4000,3000,600,600,2992,240,1646,1106,0,0,2.1,5
2292590573,1,8,6000,3000,600,600,2992,240,1646,1106,0,0,2.16667,5
2292590573,1,8,10000,3000,600,600,2992,262,1489,914,327,0,2.48333,5
2292590573,1,8,15000,3000,600,600,2994,285,698,293,1718,0,2.46667,5
2292590573,1,8,20000,3000,600,600,2998,273,318,85,2322,0,2.28333,5
2292590573,1,8,25000,3000,600,600,2998,235,163,39,2561,0,2.23333,5
2662152872,1,1,2000,3000,600,600,2999,2626,371,2,0,0,2.13333,5
2662152872,1,1,4000,3000,600,600,2999,2626,371,2,0,0,2.1,5
2662152872,1,1,6000,3000,600,600,3000,1355,121,0,1524,0,2.06667,5
2662152872,1,1,10000,3000,600,600,3000,547,17,0,2436,0,2.08333,5
2662152872,1,1,15000,3000,600,600,3000,260,6,0,2734,0,2.03333,5
2662152872,1,1,20000,3000,600,600,3000,165,3,0,2832,0,2.08333,5
2662152872,1,1,25000,3000,600,600,3000,105,1,0,2894,0,2.1,5
2662152872,1,2,2000,3000,600,600,2999,2240,483,276,0,0,2.03333,5
2662152872,1,2,4000,3000,600,600,2999,2240,483,276,0,0,2.05,5
2662152872,1,2,6000,3000,600,600,2999,2240,483,276,0,0,2.01667,5
2662152872,1,2,10000,3000,600,600,3000,727,27,0,2246,0,2.06667,5
2662152872,1,2,15000,3000,600,600,3000,260,6,0,2734,0,2.06667,5
2662152872,1,2,20000,3000,600,600,3000,165,3,0,2832,0,2.06667,5
2662152872,1,2,25000,3000,600,600,3000,105,1,0,2894,0,2.11667,5
2662152872,1,3,2000,3000,600,600,2999,2719,232,48,0,0,2.06667,5
2662152872,1,3,4000,3000,600,600,2999,2719,232,48,0,0,2.08333,5
2662152872,1,3,6000,3000,600,600,2999,2083,170,39,707,0,2.1,5
2662152872,1,3,10000,3000,600,600,3000,547,17,0,2436,0,2.08333,5
2662152872,1,3,15000,3000,600,600,3000,260,6,0,2734,0,2.1,5
2662152872,1,3,20000,3000,600,600,3000,165,3,0,2832,0,2.05,5
2662152872,1,3,25000,3000,600,600,3000,105,1,0,2894,0,2.1,5
2662152872,1,4,2000,3000,600,600,2999,2626,371,2,0,0,2.08333,5
2662152872,1,4,4000,3000,600,600,2999,2747,243,9,0,0,2.1,5
2662152872,1,4,6000,3000,600,600,2999,2352,447,200,0,0,2.1,5
2662152872,1,4,10000,3000,600,600,2998,891,1105,564,438,0,2.13333,5
2662152872,1,4,15000,3000,600,600,2996,546,491,161,1798,0,2.15,5
2662152872,1,4,20000,3000,600,600,2996,413,231,52,2300,0,2.06667,5
2662152872,1,4,25000,3000,600,600,3000,317,96,32,2555,0,2.13333,5
2662152872,1,5,2000,3000,600,600,2999,2719,232,48,0,0,2.08333,5
2662152872,1,5,4000,3000,600,600,2999,2688,240,71,0,0,2.1,5
2662152872,1,5,6000,3000,600,600,2997,2069,479,271,178,0,2.13333,5
2662152872,1,5,10000,3000,600,600,2995,569,1033,594,799,0,2.11667,5
2662152872,1,5,15000,3000,600,600,2996,363,561,253,1819,0,2.11667,5
2662152872,1,5,20000,3000,600,600,2995,291,302,106,2296,0,2.13333,5
2662152872,1,5,25000,3000,600,600,2999,239,152,65,2543,0,2.13333,5
2662152872,1,8,2000,3000,600,600,2994,235,1651,1108,0,0,2.13333,5
2662152872,1,8,4000,3000,600,600,2994,235,1651,1108,0,0,2.13333,5
2662152872,1,8,6000,3000,600,600,2994,235,1651,1108,0,0,2.13333,5
2662152872,1,8,10000,3000,600,600,2994,255,1449,917,373,0,2.13333,5
2662152872,1,8,15000,3000,600,600,2995,279,699,320,1697,0,2.13333,5
2662152872,1,8,20000,3000,600,600,2995,267,353,120,2255,0,2.13333,5
2662152872,1,8,25000,3000,600,600,2999,227,173,68,2531,0,2,5
309033690,1,1,2000,3000,600,600,3000,2609,386,5,0,0,2.06667,5
309033690,1,1,4000,3000,600,600,3000,2609,386,5,0,0,2.1,5
309033690,1,1,6000,3000,600,600,3000,1416,137,3,1444,0,2.08333,5
309033690,1,1,10000,3000,600,600,3000,536,19,0,2445,0,2.1,5
309033690,1,1,15000,3000,600,600,3000,261,1,0,2738,0,2.08333,5
309033690,1,1,20000,3000,600,600,3000,155,0,0,2845,0,2.08333,5
309033690,1,1,25000,3000,600,600,3000,110,0,0,2890,0,2.11667,5
309033690,1,2,2000,3000,600,600,2997,2220,497,280,0,0,2.1,5
309033690,1,2,4000,3000,600,600,2997,2220,497,280,0,0,2.11667,5
309033690,1,2,6000,3000,600,600,2997,2220,497,280,0,0,2.1,5
309033690,1,2,10000,3000,600,600,3000,749,35,1,2215,0,2.1,5
309033690,1,2,15000,3000,600,600,3000,261,1,0,2738,0,2.11667,5
309033690,1,2,20000,3000,600,600,3000,155,0,0,2845,0,2.11667,5
309033690,1,2,25000,3000,600,600,3000,110,0,0,2890,0,2.1,5
309033690,1,3,2000,3000,600,600,2997,2714,238,45,0,0,2.11667,5
309033690,1,3,4000,3000,600,600,2997,2714,238,45,0,0,2.13333,5
309033690,1,3,6000,3000,600,600,2997,2215,193,38,551,0,2.1,5
309033690,1,3,10000,3000,600,600,3000,536,19,0,2445,0,2.08333,5
309033690,1,3,15000,3000,600,600,3000,261,1,0,2738,0,2.08333,5
309033690,1,3,20000,3000,600,600,3000,155,0,0,2845,0,2.11667,5
309033690,1,3,25000,3000,600,600,3000,110,0,0,2890,0,2.11667,5
309033690,1,4,2000,3000,600,600,3000,2609,386,5,0,0,2.1,5
309033690,1,4,4000,3000,600,600,3000,2713,272,15,0,0,2.1,5
309033690,1,4,6000,3000,600,600,2996,2381,427,188,0,0,2.08333,5
309033690,1,4,10000,3000,600,600,2997,892,1100,604,401,0,2.11667,5
309033690,1,4,15000,3000,600,600,2997,537,529,181,1750,0,2.15,5
309033690,1,4,20000,3000,600,600,2999,386,245,69,2299,0,2.15,5
309033690,1,4,25000,3000,600,600,2999,298,118,25,2558,0,2.15,5
309033690,1,5,2000,3000,600,600,2997,2714,238,45,0,0,1.91667,5
309033690,1,5,4000,3000,600,600,2997,2699,234,64,0,0,1.95,5
309033690,1,5,6000,3000,600,600,2995,2149,443,231,172,0,1.98333,5
309033690,1,5,10000,3000,600,600,2996,575,1045,621,755,0,2,5
309033690,1,5,15000,3000,600,600,2996,362,595,257,1782,0,2.13333,5
309033690,1,5,20000,3000,600,600,2999,297,305,109,2288,0,2.11667,5
309033690,1,5,25000,3000,600,600,2999,244,160,42,2553,0,2.15,5
309033690,1,8,2000,3000,600,600,2994,235,1641,1118,0,0,2.13333,5
309033690,1,8,4000,3000,600,600,2994,235,1641,1118,0,0,2.11667,5
309033690,1,8,6000,3000,600,600,2994,235,1641,1118,0,0,2.15,5
309033690,1,8,10000,3000,600,600,2995,249,1475,909,362,0,2.15,5
309033690,1,8,15000,3000,600,600,2996,287,722,327,1660,0,2.11667,5
309033690,1,8,20000,3000,600,600,2999,268,350,128,2253,0,2.13333,5
309033690,1,8,25000,3000,600,600,2999,237,175,47,2540,0,2.13333,5
1708152384,1,1,2000,3000,600,600,3000,2588,402,10,0,0,2.06667,5
1708152384,1,1,4000,3000,600,600,3000,2588,402,10,0,0,2.1,5
1708152384,1,1,6000,3000,600,600,3000,1292,129,2,1577,0,2.08333,5
1708152384,1,1,10000,3000,600,600,3000,505,19,0,2476,0,2.15,5
1708152384,1,1,15000,3000,600,600,3000,235,5,0,2760,0,2.13333,5
1708152384,1,1,20000,3000,600,600,3000,135,0,0,2865,0,2.8,5
1708152384,1,1,25000,3000,600,600,3000,100,0,0,2900,0,2.5,5
1708152384,1,2,2000,3000,600,600,2998,2228,477,293,0,0,2.55,5
1708152384,1,2,4000,3000,600,600,2998,2228,477,293,0,0,2.2,5
1708152384,1,2,6000,3000,600,600,2998,2228,477,293,0,0,2.61667,5
1708152384,1,2,10000,3000,600,600,3000,683,20,0,2297,0,2.6,5
1708152384,1,2,15000,3000,600,600,3000,235,5,0,2760,0,2.28333,5
1708152384,1,2,20000,3000,600,600,3000,135,0,0,2865,0,2.26667,5
1708152384,1,2,25000,3000,600,600,3000,100,0,0,2900,0,2.11667,5
1708152384,1,3,2000,3000,600,600,2999,2674,260,65,0,0,2.1,5
1708152384,1,3,4000,3000,600,600,2999,2674,260,65,0,0,2.08333,5
1708152384,1,3,6000,3000,600,600,2999,1971,184,46,798,0,2.03333,5
1708152384,1,3,10000,3000,600,600,3000,505,19,0,2476,0,2.08333,5
1708152384,1,3,15000,3000,600,600,3000,235,5,0,2760,0,2.76667,5
1708152384,1,3,20000,3000,600,600,3000,135,0,0,2865,0,2.33333,5
1708152384,1,3,25000,3000,600,600,3000,100,0,0,2900,0,2.21667,5
1708152384,1,4,2000,3000,600,600,3000,2588,402,10,0,0,2.06667,5
1708152384,1,4,4000,3000,600,600,2999,2689,279,31,0,0,2.03333,5
1708152384,1,4,6000,3000,600,600,2998,2262,501,235,0,0,2.23333,5
1708152384,1,4,10000,3000,600,600,2998,832,1097,609,460,0,3.58333,5
1708152384,1,4,15000,3000,600,600,2999,524,476,146,1853,0,11.4667,5
1708152384,1,4,20000,3000,600,600,2999,387,200,35,2377,0,4.33333,5
1708152384,1,4,25000,3000,600,600,2999,295,80,14,2610,0,2.88333,5
1708152384,1,5,2000,3000,600,600,2999,2674,260,65,0,0,1.96667,5
1708152384,1,5,4000,3000,600,600,2999,2656,259,84,0,0,1.98333,5
1708152384,1,5,6000,3000,600,600,2997,2002,487,299,209,0,1.98333,5
1708152384,1,5,10000,3000,600,600,2996,524,1019,635,818,0,2.01667,5
1708152384,1,5,15000,3000,600,600,2998,340,555,222,1881,0,2.01667,5
1708152384,1,5,20000,3000,600,600,2998,282,273,78,2365,0,2,5
1708152384,1,5,25000,3000,600,600,2998,237,129,29,2603,0,2.03333,5
1708152384,1,8,2000,3000,600,600,2995,232,1626,1137,0,0,2.01667,5
1708152384,1,8,4000,3000,600,600,2995,232,1626,1137,0,0,1.85,5
1708152384,1,8,6000,3000,600,600,2995,232,1626,1137,0,0,1.98333,5
1708152384,1,8,10000,3000,600,600,2996,248,1425,912,411,0,1.95,5
1708152384,1,8,15000,3000,600,600,2998,289,653,270,1786,0,2,5
1708152384,1,8,20000,3000,600,600,2998,268,308,92,2330,0,2.01667,5
1708152384,1,8,25000,3000,600,600,2998,230,143,30,2595,0,2.03333,5
3012567591,1,1,2000,3000,600,600,2999,2625,370,4,0,0,2,5
3012567591,1,1,4000,3000,600,600,2999,2625,370,4,0,0,1.96667,5
3012567591,1,1,6000,3000,600,600,3000,1391,116,3,1490,0,1.96667,5
3012567591,1,1,10000,3000,600,600,3000,540,14,1,2445,0,1.96667,5
3012567591,1,1,15000,3000,600,600,3000,267,0,0,2733,0,1.96667,5
3012567591,1,1,20000,3000,600,600,3000,151,0,0,2849,0,2,5
3012567591,1,1,25000,3000,600,600,3000,85,0,0,2915,0,1.98333,5
3012567591,1,2,2000,3000,600,600,2999,2245,490,264,0,0,1.96667,5
3012567591,1,2,4000,3000,600,600,2999,2245,490,264,0,0,1.96667,5
3012567591,1,2,6000,3000,600,600,2999,2245,490,264,0,0,1.96667,5
3012567591,1,2,10000,3000,600,600,3000,721,16,3,2260,0,1.96667,5
3012567591,1,2,15000,3000,600,600,3000,267,0,0,2733,0,1.95,5
3012567591,1,2,20000,3000,600,600,3000,151,0,0,2849,0,1.96667,5
3012567591,1,2,25000,3000,600,600,3000,85,0,0,2915,0,1.93333,5
3012567591,1,3,2000,3000,600,600,2999,2722,236,41,0,0,1.98333,5
3012567591,1,3,4000,3000,600,600,2999,2722,236,41,0,0,1.96667,5
3012567591,1,3,6000,3000,600,600,2999,2116,183,32,668,0,1.98333,5
3012567591,1,3,10000,3000,600,600,3000,540,14,1,2445,0,1.8,5
3012567591,1,3,15000,3000,600,600,3000,267,0,0,2733,0,1.96667,5
3012567591,1,3,20000,3000,600,600,3000,151,0,0,2849,0,1.98333,5
3012567591,1,3,25000,3000,600,600,3000,85,0,0,2915,0,1.96667,5
3012567591,1,4,2000,3000,600,600,2999,2625,370,4,0,0,1.98333,5
3012567591,1,4,4000,3000,600,600,2999,2719,271,9,0,0,1.96667,5
3012567591,1,4,6000,3000,600,600,2999,2366,448,185,0,0,1.98333,5
3012567591,1,4,10000,3000,600,600,2996,900,1090,579,427,0,2,5
3012567591,1,4,15000,3000,600,600,2998,524,534,169,1771,0,2,5
3012567591,1,4,20000,3000,600,600,2999,376,244,59,2320,0,2,5
3012567591,1,4,25000,3000,600,600,2999,293,119,20,2567,0,2.11667,5
3012567591,1,5,2000,3000,600,600,2999,2722,236,41,0,0,1.98333,5
3012567591,1,5,4000,3000,600,600,2999,2700,241,58,0,0,1.96667,5
3012567591,1,5,6000,3000,600,600,2995,2079,454,263,199,0,1.98333,5
3012567591,1,5,10000,3000,600,600,2995,595,987,597,816,0,1.96667,5
3012567591,1,5,15000,3000,600,600,2997,366,578,236,1817,0,1.98333,5
3012567591,1,5,20000,3000,600,600,2998,283,291,102,2322,0,2,5
3012567591,1,5,25000,3000,600,600,2998,227,166,33,2572,0,2,5
3012567591,1,8,2000,3000,600,600,2993,239,1628,1126,0,0,2,5
3012567591,1,8,4000,3000,600,600,2993,239,1628,1126,0,0,1.98333,5
3012567591,1,8,6000,3000,600,600,2993,239,1628,1126,0,0,1.98333,5
3012567591,1,8,10000,3000,600,600,2994,250,1454,935,355,0,1.98333,5
3012567591,1,8,15000,3000,600,600,2997,276,719,310,1692,0,1.95,5
3012567591,1,8,20000,3000,600,600,2998,258,345,122,2273,0,1.98333,5
3012567591,1,8,25000,3000,600,600,2998,220,185,43,2550,0,1.95,5
1725187915,1,1,2000,3000,600,600,2999,2575,413,11,0,0,1.91667,5
1725187915,1,1,4000,3000,600,600,2999,2575,413,11,0,0,3.03333,5
1725187915,1,1,6000,3000,600,600,2999,1370,114,1,1514,0,3.58333,5
1725187915,1,1,10000,3000,600,600,2999,528,13,0,2458,0,2.53333,5
1725187915,1,1,15000,3000,600,600,2999,254,3,0,2742,0,1.95,5
1725187915,1,1,20000,3000,600,600,3000,146,0,0,2854,0,1.95,5
1725187915,1,1,25000,3000,600,600,3000,85,0,0,2915,0,1.91667,5
1725187915,1,2,2000,3000,600,600,2998,2266,427,305,0,0,1.98333,5
1725187915,1,2,4000,3000,600,600,2998,2266,427,305,0,0,1.98333,5
1725187915,1,2,6000,3000,600,600,2998,2266,427,305,0,0,1.9,5
1725187915,1,2,10000,3000,600,600,2999,703,20,0,2276,0,1.93333,5
1725187915,1,2,15000,3000,600,600,2999,254,3,0,2742,0,1.95,5
1725187915,1,2,20000,3000,600,600,3000,146,0,0,2854,0,1.96667,5
1725187915,1,2,25000,3000,600,600,3000,85,0,0,2915,0,1.96667,5
1725187915,1,3,2000,3000,600,600,2999,2684,249,66,0,0,1.98333,5
1725187915,1,3,4000,3000,600,600,2999,2684,249,66,0,0,1.96667,5
1725187915,1,3,6000,3000,600,600,2999,2071,177,51,700,0,1.98333,5
1725187915,1,3,10000,3000,600,600,2999,528,13,0,2458,0,1.96667,5
1725187915,1,3,15000,3000,600,600,2999,254,3,0,2742,0,1.98333,5
1725187915,1,3,20000,3000,600,600,3000,146,0,0,2854,0,1.95,5
1725187915,1,3,25000,3000,600,600,3000,85,0,0,2915,0,1.96667,5
1725187915,1,4,2000,3000,600,600,2999,2575,413,11,0,0,1.96667,5
1725187915,1,4,4000,3000,600,600,2999,2692,278,29,0,0,1.8,5
1725187915,1,4,6000,3000,600,600,2998,2365,406,227,0,0,1.96667,5
1725187915,1,4,10000,3000,600,600,2994,871,1055,611,457,0,1.96667,5
1725187915,1,4,15000,3000,600,600,2994,534,501,153,1806,0,1.96667,5
1725187915,1,4,20000,3000,600,600,2997,415,203,44,2335,0,1.95,5
1725187915,1,4,25000,3000,600,600,2998,320,82,21,2575,0,2.01667,5
1725187915,1,5,2000,3000,600,600,2999,2684,249,66,0,0,1.98333,5
1725187915,1,5,4000,3000,600,600,2999,2695,225,79,0,0,1.98333,5
1725187915,1,5,6000,3000,600,600,2996,2088,454,269,185,0,1.96667,5
1725187915,1,5,10000,3000,600,600,2995,578,1001,623,793,0,2,5
1725187915,1,5,15000,3000,600,600,2995,352,560,228,1855,0,2.01667,5
1725187915,1,5,20000,3000,600,600,2997,293,276,85,2343,0,2.01667,5
1725187915,1,5,25000,3000,600,600,2998,241,141,39,2577,0,2,5
1725187915,1,8,2000,3000,600,600,2994,250,1613,1131,0,0,2.01667,5
1725187915,1,8,4000,3000,600,600,2994,250,1613,1131,0,0,2.01667,5
1725187915,1,8,6000,3000,600,600,2994,250,1613,1131,0,0,2,5
1725187915,1,8,10000,3000,600,600,2994,270,1413,908,403,0,2.01667,5
1725187915,1,8,15000,3000,600,600,2994,294,689,294,1717,0,2,5
1725187915,1,8,20000,3000,600,600,2997,282,321,99,2295,0,2,5
1725187915,1,8,25000,3000,600,600,2998,243,157,41,2557,0,2.01667,5