RunSeed,Seed,Algoritmo,Radius,nDevices,appPeriodSeconds,simulationTime,PHYTotal,PHYSuccessful,PHYInterfered,PHYNoMoreReceivers,PHYUnderSensitivity,PHYLostBecauseTX,SimulationDuration,targetRealocation
172140562,1,1,6000,6000,600,600,5999,2488,492,11,3008,0,21.7667,0
172140562,1,1,2000,6000,600,600,5998,4485,1460,53,0,0,21.5833,0
172140562,1,1,3000,6000,600,600,5998,4485,1460,53,0,0,22,0
172140562,1,1,4000,6000,600,600,5998,4485,1460,53,0,0,21.65,0
172140562,1,1,8000,6000,600,600,5999,1503,171,3,4322,0,21.5,0
172140562,1,1,10000,6000,600,600,5999,967,77,1,4954,0,21.7667,0
172140562,1,2,6000,6000,600,600,5992,122,2238,3632,0,0,21.8167,0
172140562,1,2,2000,6000,600,600,5992,122,2238,3632,0,0,21.7167,0
172140562,1,2,3000,6000,600,600,5992,122,2238,3632,0,0,22.1,0
172140562,1,2,4000,6000,600,600,5992,122,2238,3632,0,0,21.8,0
172140562,1,2,8000,6000,600,600,5992,122,2238,3632,0,0,22.0667,0
172140562,1,2,10000,6000,600,600,5992,146,2118,3266,462,0,22.0333,0
172140562,1,3,6000,6000,600,600,5993,3168,1325,1500,0,0,21.85,0
172140562,1,3,2000,6000,600,600,5993,3169,1324,1500,0,0,21.65,0
172140562,1,3,3000,6000,600,600,5993,3168,1325,1500,0,0,21.8,0
172140562,1,3,4000,6000,600,600,5993,3168,1325,1500,0,0,21.9333,0
172140562,1,3,8000,6000,600,600,5993,3168,1325,1500,0,0,21.7667,0
172140562,1,3,10000,6000,600,600,5999,1337,97,3,4562,0,20.0167,0
172140562,1,4,6000,6000,600,600,5996,3703,652,317,1324,0,18,0
172140562,1,4,2000,6000,600,600,5996,4752,868,376,0,0,17.8667,0
172140562,1,4,3000,6000,600,600,5996,4752,868,376,0,0,17.7167,0
172140562,1,4,4000,6000,600,600,5996,4752,868,376,0,0,17.8167,0
172140562,1,4,8000,6000,600,600,5998,1892,302,169,3635,0,17.5167,0
172140562,1,4,10000,6000,600,600,5999,967,77,1,4954,0,18,0
172140562,1,5,6000,6000,600,600,5992,902,2084,3006,0,0,18.1,0
172140562,1,5,2000,6000,600,600,5992,902,2084,3006,0,0,18.0833,0
172140562,1,5,3000,6000,600,600,5992,902,2084,3006,0,0,18.1,0
172140562,1,5,4000,6000,600,600,5992,902,2084,3006,0,0,18.1833,0
172140562,1,5,8000,6000,600,600,5992,902,2084,3006,0,0,18,0
172140562,1,5,10000,6000,600,600,5992,1077,1872,2387,656,0,18.0167,0
172140562,1,6,6000,6000,600,600,5992,3479,1311,1202,0,0,18.2,0
172140562,1,6,2000,6000,600,600,5998,4485,1460,53,0,0,17.9667,0
172140562,1,6,3000,6000,600,600,5998,4596,1344,58,0,0,17.8833,0
172140562,1,6,4000,6000,600,600,5997,4868,994,135,0,0,17.8833,0
172140562,1,6,8000,6000,600,600,5992,1529,1885,2578,0,0,18.15,0
172140562,1,6,10000,6000,600,600,5992,1085,1792,2477,638,0,18.4,0
172140562,1,7,6000,6000,600,600,5993,3000,1185,1492,316,0,17.9833,0
172140562,1,7,2000,6000,600,600,5996,4752,868,376,0,0,18.1333,0
172140562,1,7,3000,6000,600,600,5996,4764,853,379,0,0,17.7167,0
172140562,1,7,4000,6000,600,600,5996,4684,810,502,0,0,17.8167,0
172140562,1,7,8000,6000,600,600,5992,1067,1712,2620,593,0,17.9,0
172140562,1,7,10000,6000,600,600,5993,593,1736,2595,1069,0,17.9667,0
172140562,1,8,6000,6000,600,600,5992,772,2079,3141,0,0,18.1,0
172140562,1,8,2000,6000,600,600,5992,902,2084,3006,0,0,17.9667,0
172140562,1,8,3000,6000,600,600,5992,901,2085,3006,0,0,18.0833,0
172140562,1,8,4000,6000,600,600,5992,890,2085,3017,0,0,18.1167,0
172140562,1,8,8000,6000,600,600,5992,529,2087,3376,0,0,18.0167,0
172140562,1,8,10000,6000,600,600,5992,496,1931,3038,527,0,18.0667,0
172140562,1,9,6000,6000,600,600,5995,2745,1114,1510,626,0,17.8833,0
172140562,1,9,2000,6000,600,600,5994,3213,1194,1587,0,0,17.8667,0
172140562,1,9,3000,6000,600,600,5994,3213,1194,1587,0,0,17.9667,0
172140562,1,9,4000,6000,600,600,5994,3213,1194,1587,0,0,18.2833,0
172140562,1,9,8000,6000,600,600,5994,2084,916,1323,1671,0,18.9,0
172140562,1,9,10000,6000,600,600,5995,1598,627,870,2900,0,18.8333,0
760180036,1,1,6000,6000,600,600,6000,2528,432,11,3029,0,18.6,0
760180036,1,1,2000,6000,600,600,6000,4549,1420,31,0,0,18.9167,0
760180036,1,1,3000,6000,600,600,6000,4549,1420,31,0,0,18.65,0
760180036,1,1,4000,6000,600,600,6000,4549,1420,31,0,0,18.7667,0
760180036,1,1,8000,6000,600,600,6000,1507,131,3,4359,0,18.7,0
760180036,1,1,10000,6000,600,600,6000,1013,55,1,4931,0,18.4833,0
760180036,1,2,6000,6000,600,600,5993,114,2245,3634,0,0,18.8667,0
760180036,1,2,2000,6000,600,600,5993,114,2245,3634,0,0,18.8667,0
760180036,1,2,3000,6000,600,600,5993,114,2245,3634,0,0,18.9167,0
760180036,1,2,4000,6000,600,600,5993,114,2245,3634,0,0,18.8333,0
760180036,1,2,8000,6000,600,600,5993,114,2245,3634,0,0,19.2333,0
760180036,1,2,10000,6000,600,600,5994,134,2128,3237,495,0,18.9333,0
760180036,1,3,6000,6000,600,600,5998,3186,1333,1479,0,0,18.4167,0
760180036,1,3,2000,6000,600,600,5998,3186,1333,1479,0,0,18.8833,0
760180036,1,3,3000,6000,600,600,5998,3186,1333,1479,0,0,18.6167,0
760180036,1,3,4000,6000,600,600,5998,3186,1333,1479,0,0,18.95,0
760180036,1,3,8000,6000,600,600,5998,3186,1333,1479,0,0,18.85,0
760180036,1,3,10000,6000,600,600,6000,1366,73,3,4558,0,19.1333,0
760180036,1,4,6000,6000,600,600,5999,3735,637,306,1321,0,18.5333,0
760180036,1,4,2000,6000,600,600,5998,4825,809,364,0,0,18.5667,0
760180036,1,4,3000,6000,600,600,5998,4825,809,364,0,0,18.7,0
760180036,1,4,4000,6000,600,600,5998,4825,809,364,0,0,18.7667,0
760180036,1,4,8000,6000,600,600,5999,1872,291,150,3686,0,18.7667,0
760180036,1,4,10000,6000,600,600,6000,1013,55,1,4931,0,18.7667,0
760180036,1,5,6000,6000,600,600,5994,912,2089,2993,0,0,18.5667,0
760180036,1,5,2000,6000,600,600,5994,912,2089,2993,0,0,18.9667,0
760180036,1,5,3000,6000,600,600,5994,912,2089,2993,0,0,18.8,0
760180036,1,5,4000,6000,600,600,5994,912,2089,2993,0,0,18.8667,0
760180036,1,5,8000,6000,600,600,5994,912,2089,2993,0,0,18.8333,0
760180036,1,5,10000,6000,600,600,5995,1063,1886,2392,654,0,18.75,0
760180036,1,6,6000,6000,600,600,5998,3503,1306,1189,0,0,18.75,0
760180036,1,6,2000,6000,600,600,6000,4549,1420,31,0,0,18.7333,0
760180036,1,6,3000,6000,600,600,6000,4646,1317,37,0,0,18.6333,0
760180036,1,6,4000,6000,600,600,5998,4943,937,118,0,0,18.6667,0
760180036,1,6,8000,6000,600,600,5996,1533,1866,2597,0,0,19.0667,0
760180036,1,6,10000,6000,600,600,5996,1042,1835,2492,627,0,18.7167,0
760180036,1,7,6000,6000,600,600,5995,2883,1288,1502,322,0,19.05,0
760180036,1,7,2000,6000,600,600,5998,4825,809,364,0,0,18.55,0
760180036,1,7,3000,6000,600,600,5998,4830,798,370,0,0,18.6,0
760180036,1,7,4000,6000,600,600,5998,4749,789,460,0,0,18.7333,0
760180036,1,7,8000,6000,600,600,5994,1085,1696,2645,568,0,18.9167,0
760180036,1,7,10000,6000,600,600,5995,567,1773,2555,1100,0,18.8333,0
760180036,1,8,6000,6000,600,600,5992,772,2093,3127,0,0,18.65,0
760180036,1,8,2000,6000,600,600,5994,912,2089,2993,0,0,18.6,0
760180036,1,8,3000,6000,600,600,5994,912,2089,2993,0,0,18.7167,0
760180036,1,8,4000,6000,600,600,5994,909,2085,3000,0,0,18.8167,0
760180036,1,8,8000,6000,600,600,5992,568,2055,3369,0,0,19.1667,0
760180036,1,8,10000,6000,600,600,5994,467,1968,3027,532,0,19.05,0
760180036,1,9,6000,6000,600,600,5998,2819,1075,1383,721,0,18.9333,0
760180036,1,9,2000,6000,600,600,5998,3384,1167,1447,0,0,18.6167,0
760180036,1,9,3000,6000,600,600,5998,3384,1167,1447,0,0,18.3833,0
760180036,1,9,4000,6000,600,600,5998,3384,1167,1447,0,0,18.7,0
760180036,1,9,8000,6000,600,600,5998,2111,915,1197,1775,0,18.7167,0
760180036,1,9,10000,6000,600,600,5999,1615,630,819,2935,0,18.7333,0
2844410564,1,1,6000,6000,600,600,6000,2512,441,9,3038,0,18.4,0
2844410564,1,1,2000,6000,600,600,5999,4569,1402,28,0,0,18.4833,0
2844410564,1,1,3000,6000,600,600,5999,4569,1402,28,0,0,18.8,0
2844410564,1,1,4000,6000,600,600,5999,4569,1402,28,0,0,18.5,0
2844410564,1,1,8000,6000,600,600,6000,1536,138,3,4323,0,18.75,0
2844410564,1,1,10000,6000,600,600,6000,1013,51,1,4935,0,18.6,0
2844410564,1,2,6000,6000,600,600,5992,120,2252,3620,0,0,18.9667,0
2844410564,1,2,2000,6000,600,600,5992,120,2252,3620,0,0,19.1167,0
2844410564,1,2,3000,6000,600,600,5992,120,2252,3620,0,0,19.1,0
2844410564,1,2,4000,6000,600,600,5992,120,2252,3620,0,0,19.3333,0
2844410564,1,2,8000,6000,600,600,5992,120,2252,3620,0,0,18.7833,0
2844410564,1,2,10000,6000,600,600,5992,144,2112,3223,513,0,19.1167,0
2844410564,1,3,6000,6000,600,600,5995,3262,1304,1429,0,0,18.6833,0
2844410564,1,3,2000,6000,600,600,5995,3262,1304,1429,0,0,18.75,0
2844410564,1,3,3000,6000,600,600,5995,3262,1304,1429,0,0,18.6167,0
2844410564,1,3,4000,6000,600,600,5995,3262,1304,1429,0,0,18.4167,0
2844410564,1,3,8000,6000,600,600,5995,3262,1304,1429,0,0,18.65,0
2844410564,1,3,10000,6000,600,600,6000,1375,84,4,4537,0,18.85,0
2844410564,1,4,6000,6000,600,600,5999,3666,586,326,1421,0,18.5,0
2844410564,1,4,2000,6000,600,600,5998,4803,791,404,0,0,18.5333,0
2844410564,1,4,3000,6000,600,600,5998,4803,791,404,0,0,18.75,0
2844410564,1,4,4000,6000,600,600,5998,4803,791,404,0,0,18.6,0
2844410564,1,4,8000,6000,600,600,6000,1872,277,185,3666,0,18.75,0
2844410564,1,4,10000,6000,600,600,6000,1015,49,1,4935,0,18.8,0
2844410564,1,5,6000,6000,600,600,5993,934,2103,2956,0,0,15.15,0
2844410564,1,5,2000,6000,600,600,5993,935,2102,2956,0,0,14.1833,0
2844410564,1,5,3000,6000,600,600,5993,935,2102,2956,0,0,14.6833,0
2844410564,1,5,4000,6000,600,600,5993,934,2103,2956,0,0,14.3,0
2844410564,1,5,8000,6000,600,600,5993,934,2103,2956,0,0,14.7,0
2844410564,1,5,10000,6000,600,600,5993,1077,1878,2373,665,0,15.2,0
2844410564,1,6,6000,6000,600,600,5996,3546,1256,1194,0,0,15.0667,0
2844410564,1,6,2000,6000,600,600,5999,4569,1402,28,0,0,14.8833,0
2844410564,1,6,3000,6000,600,600,5999,4699,1268,32,0,0,15.35,0
2844410564,1,6,4000,6000,600,600,5998,4896,974,128,0,0,14.15,0
2844410564,1,6,8000,6000,600,600,5995,1544,1891,2560,0,0,15.3833,0
2844410564,1,6,10000,6000,600,600,5993,1069,1829,2436,659,0,15.0833,0
2844410564,1,7,6000,6000,600,600,5994,2920,1261,1468,345,0,14.7,0
2844410564,1,7,2000,6000,600,600,5998,4803,791,404,0,0,14.8167,0
2844410564,1,7,3000,6000,600,600,5998,4827,762,409,0,0,14.6333,0
2844410564,1,7,4000,6000,600,600,5997,4691,785,521,0,0,15.1667,0
2844410564,1,7,8000,6000,600,600,5994,1033,1730,2645,586,0,14.55,0
2844410564,1,7,10000,6000,600,600,5993,523,1751,2544,1175,0,14.6833,0
2844410564,1,8,6000,6000,600,600,5993,793,2094,3106,0,0,14.95,0
2844410564,1,8,2000,6000,600,600,5993,935,2102,2956,0,0,14.2833,0
2844410564,1,8,3000,6000,600,600,5993,935,2102,2956,0,0,14.5167,0
2844410564,1,8,4000,6000,600,600,5993,914,2111,2968,0,0,14.5333,0
2844410564,1,8,8000,6000,600,600,5992,532,2093,3367,0,0,15.3833,0
2844410564,1,8,10000,6000,600,600,5992,449,1969,3025,549,0,15.5667,0
2844410564,1,9,6000,6000,600,600,5995,2826,1042,1417,710,0,14.9167,0
2844410564,1,9,2000,6000,600,600,5995,3364,1154,1477,0,0,15.1667,0
2844410564,1,9,3000,6000,600,600,5995,3364,1154,1477,0,0,14.8333,0
2844410564,1,9,4000,6000,600,600,5995,3364,1154,1477,0,0,14.9,0
2844410564,1,9,8000,6000,600,600,5996,2157,872,1241,1726,0,14.2,0
2844410564,1,9,10000,6000,600,600,5997,1630,595,794,2978,0,14.1833,0
3554862782,1,1,6000,6000,600,600,6000,2533,397,7,3063,0,14.4333,0
3554862782,1,1,2000,6000,600,600,5998,4521,1445,32,0,0,14.7667,0
3554862782,1,1,3000,6000,600,600,5998,4521,1445,32,0,0,14.5833,0
3554862782,1,1,4000,6000,600,600,5998,4521,1445,32,0,0,14.6667,0
3554862782,1,1,8000,6000,600,600,6000,1513,130,3,4354,0,15.4667,0
3554862782,1,1,10000,6000,600,600,6000,996,48,2,4954,0,14.9833,0
3554862782,1,2,6000,6000,600,600,5994,118,2247,3629,0,0,15.1167,0
3554862782,1,2,2000,6000,600,600,5994,118,2247,3629,0,0,14.5667,0
3554862782,1,2,3000,6000,600,600,5994,118,2247,3629,0,0,14.65,0
3554862782,1,2,4000,6000,600,600,5994,118,2247,3629,0,0,15.6833,0
3554862782,1,2,8000,6000,600,600,5994,118,2248,3628,0,0,15.2833,0
3554862782,1,2,10000,6000,600,600,5995,129,2124,3263,479,0,15.1667,0
3554862782,1,3,6000,6000,600,600,5994,3187,1322,1485,0,0,14.7667,0
3554862782,1,3,2000,6000,600,600,5994,3187,1322,1485,0,0,15.5667,0
3554862782,1,3,3000,6000,600,600,5994,3187,1322,1485,0,0,14.3167,0
3554862782,1,3,4000,6000,600,600,5994,3187,1322,1485,0,0,14.5167,0
3554862782,1,3,8000,6000,600,600,5994,3187,1322,1485,0,0,14.3167,0
3554862782,1,3,10000,6000,600,600,6000,1343,84,3,4570,0,14.6167,0
3554862782,1,4,6000,6000,600,600,5996,3722,610,287,1377,0,14.2167,0
3554862782,1,4,2000,6000,600,600,5996,4781,848,367,0,0,14.85,0
3554862782,1,4,3000,6000,600,600,5996,4781,848,367,0,0,14.5,0
3554862782,1,4,4000,6000,600,600,5996,4781,848,367,0,0,14.6167,0
3554862782,1,4,8000,6000,600,600,5997,1876,283,142,3696,0,14.7833,0
3554862782,1,4,10000,6000,600,600,6000,996,48,2,4954,0,15.3333,0
3554862782,1,5,6000,6000,600,600,5993,900,2118,2975,0,0,15.2167,0
3554862782,1,5,2000,6000,600,600,5993,900,2118,2975,0,0,14.4667,0
3554862782,1,5,3000,6000,600,600,5993,900,2118,2975,0,0,15.2833,0
3554862782,1,5,4000,6000,600,600,5993,900,2118,2975,0,0,14.4333,0
3554862782,1,5,8000,6000,600,600,5993,900,2118,2975,0,0,15.3167,0
3554862782,1,5,10000,6000,600,600,5996,1058,1890,2417,631,0,14.8667,0
3554862782,1,6,6000,6000,600,600,5995,3473,1284,1238,0,0,13.9,0
3554862782,1,6,2000,6000,600,600,5998,4521,1445,32,0,0,14.6,0
3554862782,1,6,3000,6000,600,600,5998,4648,1315,35,0,0,15.2167,0
3554862782,1,6,4000,6000,600,600,5998,4904,970,124,0,0,15.0667,0
3554862782,1,6,8000,6000,600,600,5993,1588,1843,2562,0,0,15.0833,0
3554862782,1,6,10000,6000,600,600,5996,1021,1863,2470,642,0,15.8333,0
3554862782,1,7,6000,6000,600,600,5997,2925,1251,1504,317,0,14.5667,0
3554862782,1,7,2000,6000,600,600,5996,4781,848,367,0,0,15.1,0
3554862782,1,7,3000,6000,600,600,5996,4788,836,372,0,0,14.8833,0
3554862782,1,7,4000,6000,600,600,5996,4658,852,486,0,0,14.75,0
3554862782,1,7,8000,6000,600,600,5994,1066,1699,2649,580,0,14.7333,0
3554862782,1,7,10000,6000,600,600,5994,550,1734,2568,1142,0,14.4333,0
3554862782,1,8,6000,6000,600,600,5993,778,2101,3114,0,0,14.6833,0
3554862782,1,8,2000,6000,600,600,5993,900,2118,2975,0,0,14.85,0
3554862782,1,8,3000,6000,600,600,5993,898,2120,2975,0,0,14.95,0
3554862782,1,8,4000,6000,600,600,5993,892,2120,2981,0,0,14.3667,0
3554862782,1,8,8000,6000,600,600,5994,558,2068,3368,0,0,14.6667,0
3554862782,1,8,10000,6000,600,600,5994,481,1949,3034,530,0,15.0833,0
3554862782,1,9,6000,6000,600,600,5993,2780,1070,1421,722,0,14.6833,0
3554862782,1,9,2000,6000,600,600,5993,3329,1178,1486,0,0,14.8833,0
3554862782,1,9,3000,6000,600,600,5993,3329,1178,1486,0,0,15.2167,0
3554862782,1,9,4000,6000,600,600,5993,3329,1178,1486,0,0,14.2167,0
3554862782,1,9,8000,6000,600,600,5993,2110,901,1245,1737,0,14.3667,0
3554862782,1,9,10000,6000,600,600,5994,1613,611,803,2967,0,14.75,0
3566049517,1,1,6000,6000,600,600,6000,2479,407,8,3106,0,13.6667,0
3566049517,1,1,2000,6000,600,600,6000,4540,1423,37,0,0,14.4333,0
3566049517,1,1,3000,6000,600,600,6000,4540,1423,37,0,0,14.5333,0
3566049517,1,1,4000,6000,600,600,6000,4540,1423,37,0,0,14.65,0
3566049517,1,1,8000,6000,600,600,6000,1471,147,4,4378,0,14.05,0
3566049517,1,1,10000,6000,600,600,6000,986,58,0,4956,0,14.0833,0
3566049517,1,2,6000,6000,600,600,5993,123,2238,3632,0,0,14.9667,0
3566049517,1,2,2000,6000,600,600,5993,123,2238,3632,0,0,14.4167,0
3566049517,1,2,3000,6000,600,600,5993,123,2238,3632,0,0,14.6,0
3566049517,1,2,4000,6000,600,600,5993,123,2238,3632,0,0,14.3833,0
3566049517,1,2,8000,6000,600,600,5993,123,2238,3632,0,0,14.8333,0
3566049517,1,2,10000,6000,600,600,5992,150,2110,3253,479,0,14.65,0
3566049517,1,3,6000,6000,600,600,5995,3213,1266,1516,0,0,14.5333,0
3566049517,1,3,2000,6000,600,600,5995,3213,1266,1516,0,0,14.7833,0
3566049517,1,3,3000,6000,600,600,5995,3213,1266,1516,0,0,14.7167,0
3566049517,1,3,4000,6000,600,600,5995,3213,1266,1516,0,0,14.1833,0
3566049517,1,3,8000,6000,600,600,5995,3213,1266,1516,0,0,14.0333,0
3566049517,1,3,10000,6000,600,600,6000,1330,77,3,4590,0,14.15,0
3566049517,1,4,6000,6000,600,600,5996,3622,574,305,1495,0,14.15,0
3566049517,1,4,2000,6000,600,600,5996,4860,754,382,0,0,14.2833,0
3566049517,1,4,3000,6000,600,600,5996,4860,754,382,0,0,14.35,0
3566049517,1,4,4000,6000,600,600,5996,4860,754,382,0,0,11.8,0
3566049517,1,4,8000,6000,600,600,5996,1862,270,123,3741,0,10.1333,0
3566049517,1,4,10000,6000,600,600,6000,986,58,0,4956,0,9.31667,0
3566049517,1,5,6000,6000,600,600,5994,865,2076,3053,0,0,9.63333,0
3566049517,1,5,2000,6000,600,600,5994,865,2076,3053,0,0,9.51667,0
3566049517,1,5,3000,6000,600,600,5994,865,2076,3053,0,0,9.71667,0
3566049517,1,5,4000,6000,600,600,5994,865,2076,3053,0,0,10.4667,0
3566049517,1,5,8000,6000,600,600,5994,865,2076,3053,0,0,9.66667,0
3566049517,1,5,10000,6000,600,600,5995,1044,1885,2450,616,0,9.68333,0
3566049517,1,6,6000,6000,600,600,5996,3472,1252,1272,0,0,10.1,0
3566049517,1,6,2000,6000,600,600,6000,4540,1423,37,0,0,9.76667,0
3566049517,1,6,3000,6000,600,600,6000,4673,1288,39,0,0,10.7167,0
3566049517,1,6,4000,6000,600,600,6000,4930,935,135,0,0,10.1,0
3566049517,1,6,8000,6000,600,600,5994,1461,1850,2683,0,0,9.16667,0
3566049517,1,6,10000,6000,600,600,5995,1028,1839,2511,617,0,10.8167,0
3566049517,1,7,6000,6000,600,600,5993,2832,1311,1527,323,0,8.96667,0
3566049517,1,7,2000,6000,600,600,5996,4860,754,382,0,0,8.86667,0
3566049517,1,7,3000,6000,600,600,5996,4855,752,389,0,0,10.0667,0
3566049517,1,7,4000,6000,600,600,5995,4654,795,546,0,0,9.73333,0
3566049517,1,7,8000,6000,600,600,5994,1000,1725,2704,565,0,9.71667,0
3566049517,1,7,10000,6000,600,600,5993,573,1735,2615,1070,0,8.98333,0
3566049517,1,8,6000,6000,600,600,5994,723,2081,3190,0,0,9.01667,0
3566049517,1,8,2000,6000,600,600,5994,865,2076,3053,0,0,10.2333,0
3566049517,1,8,3000,6000,600,600,5994,865,2078,3051,0,0,9.75,0
3566049517,1,8,4000,6000,600,600,5994,858,2076,3060,0,0,8.96667,0
3566049517,1,8,8000,6000,600,600,5993,519,2062,3412,0,0,9.95,0
3566049517,1,8,10000,6000,600,600,5992,450,1957,3065,520,0,10.4667,0
3566049517,1,9,6000,6000,600,600,5997,2793,1084,1373,747,0,9.26667,0
3566049517,1,9,2000,6000,600,600,5996,3397,1174,1425,0,0,10.5,0
3566049517,1,9,3000,6000,600,600,5996,3397,1174,1425,0,0,8.9,0
3566049517,1,9,4000,6000,600,600,5996,3396,1175,1425,0,0,9.73333,0
3566049517,1,9,8000,6000,600,600,5997,2141,893,1171,1792,0,8.83333,0
3566049517,1,9,10000,6000,600,600,5997,1622,609,734,3032,0,8.83333,0
2396731442,1,1,6000,6000,600,600,6000,2471,465,12,3052,0,8.8,0
2396731442,1,1,2000,6000,600,600,5999,4530,1424,45,0,0,9.23333,0
2396731442,1,1,3000,6000,600,600,5999,4530,1424,45,0,0,8.85,0
2396731442,1,1,4000,6000,600,600,5999,4530,1424,45,0,0,9.91667,0
2396731442,1,1,8000,6000,600,600,6000,1539,157,2,4302,0,9.03333,0
2396731442,1,1,10000,6000,600,600,6000,998,65,0,4937,0,8.78333,0
2396731442,1,2,6000,6000,600,600,5993,95,2255,3643,0,0,10.95,0
2396731442,1,2,2000,6000,600,600,5993,95,2255,3643,0,0,10.3833,0
2396731442,1,2,3000,6000,600,600,5993,95,2255,3643,0,0,9.88333,0
2396731442,1,2,4000,6000,600,600,5993,95,2255,3643,0,0,10.7833,0
2396731442,1,2,8000,6000,600,600,5993,95,2255,3643,0,0,9.11667,0
2396731442,1,2,10000,6000,600,600,5993,120,2106,3200,567,0,9.68333,0
2396731442,1,3,6000,6000,600,600,5997,3171,1333,1493,0,0,9.38333,0
2396731442,1,3,2000,6000,600,600,5997,3171,1333,1493,0,0,10.7333,0
2396731442,1,3,3000,6000,600,600,5997,3171,1333,1493,0,0,9.91667,0
2396731442,1,3,4000,6000,600,600,5997,3171,1333,1493,0,0,10.3833,0
2396731442,1,3,8000,6000,600,600,5997,3171,1333,1493,0,0,10.6,0
2396731442,1,3,10000,6000,600,600,6000,1389,97,0,4514,0,9.66667,0
2396731442,1,4,6000,6000,600,600,5998,3679,612,315,1392,0,10.2333,0
2396731442,1,4,2000,6000,600,600,5998,4808,792,398,0,0,9.71667,0
2396731442,1,4,3000,6000,600,600,5998,4808,792,398,0,0,8.78333,0
2396731442,1,4,4000,6000,600,600,5998,4808,792,398,0,0,10.7167,0
2396731442,1,4,8000,6000,600,600,5998,1909,281,139,3669,0,8.85,0
2396731442,1,4,10000,6000,600,600,6000,998,65,0,4937,0,9.33333,0
2396731442,1,5,6000,6000,600,600,5993,888,2067,3038,0,0,9.8,0
2396731442,1,5,2000,6000,600,600,5993,889,2066,3038,0,0,8.91667,0
2396731442,1,5,3000,6000,600,600,5993,889,2066,3038,0,0,9.83333,0
2396731442,1,5,4000,6000,600,600,5993,889,2066,3038,0,0,10.2,0
2396731442,1,5,8000,6000,600,600,5993,888,2067,3038,0,0,10.7833,0
2396731442,1,5,10000,6000,600,600,5995,1083,1838,2366,708,0,8.91667,0
2396731442,1,6,6000,6000,600,600,5996,3501,1229,1266,0,0,8.86667,0
2396731442,1,6,2000,6000,600,600,5999,4530,1424,45,0,0,9.68333,0
2396731442,1,6,3000,6000,600,600,5999,4646,1302,51,0,0,10.2333,0
2396731442,1,6,4000,6000,600,600,5999,4855,997,147,0,0,9.93333,0
2396731442,1,6,8000,6000,600,600,5995,1472,1875,2648,0,0,9.18333,0
2396731442,1,6,10000,6000,600,600,5995,1112,1786,2401,696,0,9.91667,0
2396731442,1,7,6000,6000,600,600,5993,2855,1280,1539,319,0,8.91667,0
2396731442,1,7,2000,6000,600,600,5998,4808,792,398,0,0,9.93333,0
2396731442,1,7,3000,6000,600,600,5998,4823,774,401,0,0,9.11667,0
2396731442,1,7,4000,6000,600,600,5998,4692,790,516,0,0,10.7167,0
2396731442,1,7,8000,6000,600,600,5993,1020,1731,2634,608,0,10.25,0
2396731442,1,7,10000,6000,600,600,5996,544,1729,2529,1194,0,10.3333,0
2396731442,1,8,6000,6000,600,600,5994,754,2081,3159,0,0,8.9,0
2396731442,1,8,2000,6000,600,600,5993,889,2066,3038,0,0,10.2667,0
2396731442,1,8,3000,6000,600,600,5993,888,2067,3038,0,0,9.08333,0
2396731442,1,8,4000,6000,600,600,5993,874,2073,3046,0,0,9.2,0
2396731442,1,8,8000,6000,600,600,5993,522,2077,3394,0,0,9.45,0
2396731442,1,8,10000,6000,600,600,5993,482,1915,3014,582,0,10.1333,0
2396731442,1,9,6000,6000,600,600,5995,2725,1102,1434,734,0,9.01667,0
2396731442,1,9,2000,6000,600,600,5994,3300,1200,1494,0,0,9.43333,0
2396731442,1,9,3000,6000,600,600,5994,3300,1200,1494,0,0,9.36667,0
2396731442,1,9,4000,6000,600,600,5994,3300,1200,1494,0,0,9.78333,0
2396731442,1,9,8000,6000,600,600,5995,2113,924,1245,1713,0,10.1833,0
2396731442,1,9,10000,6000,600,600,5995,1626,628,801,2940,0,9.75,0
4003409049,1,1,6000,6000,600,600,6000,2522,456,17,3005,0,8.9,0
4003409049,1,1,2000,6000,600,600,6000,4491,1454,55,0,0,9.23333,0
4003409049,1,1,3000,6000,600,600,6000,4491,1454,55,0,0,8.8,0
4003409049,1,1,4000,6000,600,600,6000,4491,1454,55,0,0,9.98333,0
4003409049,1,1,8000,6000,600,600,6000,1524,157,4,4315,0,9.36667,0
4003409049,1,1,10000,6000,600,600,6000,1041,68,4,4887,0,10.1333,0
4003409049,1,2,6000,6000,600,600,5994,123,2228,3643,0,0,10.75,0
4003409049,1,2,2000,6000,600,600,5994,123,2228,3643,0,0,9.61667,0
4003409049,1,2,3000,6000,600,600,5994,123,2228,3643,0,0,9.2,0
4003409049,1,2,4000,6000,600,600,5994,123,2228,3643,0,0,10.9167,0
4003409049,1,2,8000,6000,600,600,5994,123,2228,3643,0,0,9.06667,0
4003409049,1,2,10000,6000,600,600,5995,146,2075,3284,490,0,10.5167,0
4003409049,1,3,6000,6000,600,600,5997,3121,1315,1561,0,0,8.95,0
4003409049,1,3,2000,6000,600,600,5997,3121,1315,1561,0,0,8.85,0
4003409049,1,3,3000,6000,600,600,5997,3121,1315,1561,0,0,8.93333,0
4003409049,1,3,4000,6000,600,600,5997,3121,1315,1561,0,0,9.4,0
4003409049,1,3,8000,6000,600,600,5997,3121,1315,1561,0,0,8.93333,0
4003409049,1,3,10000,6000,600,600,6000,1403,75,5,4517,0,10.6833,0
4003409049,1,4,6000,6000,600,600,5999,3788,623,330,1258,0,9.33333,0
4003409049,1,4,2000,6000,600,600,5999,4786,816,397,0,0,8.81667,0
4003409049,1,4,3000,6000,600,600,5999,4786,816,397,0,0,8.85,0
4003409049,1,4,4000,6000,600,600,5999,4786,816,397,0,0,9.7,0
4003409049,1,4,8000,6000,600,600,6000,1884,306,142,3668,0,10.5667,0
4003409049,1,4,10000,6000,600,600,6000,1041,68,4,4887,0,10.8167,0
4003409049,1,5,6000,6000,600,600,5997,899,2059,3039,0,0,9.23333,0
4003409049,1,5,2000,6000,600,600,5997,899,2059,3039,0,0,10.8833,0
4003409049,1,5,3000,6000,600,600,5997,899,2059,3039,0,0,9.06667,0
4003409049,1,5,4000,6000,600,600,5997,899,2059,3039,0,0,8.96667,0
4003409049,1,5,8000,6000,600,600,5997,899,2059,3039,0,0,8.93333,0
4003409049,1,5,10000,6000,600,600,5995,1074,1836,2463,622,0,9.86667,0
4003409049,1,6,6000,6000,600,600,5998,3458,1270,1270,0,0,9.81667,0
4003409049,1,6,2000,6000,600,600,6000,4491,1454,55,0,0,10.3,0
4003409049,1,6,3000,6000,600,600,6000,4601,1341,58,0,0,10.65,0
4003409049,1,6,4000,6000,600,600,5999,4900,952,147,0,0,9.01667,0
4003409049,1,6,8000,6000,600,600,5997,1554,1819,2624,0,0,9.26667,0
4003409049,1,6,10000,6000,600,600,5995,1035,1821,2510,629,0,9,0
4003409049,1,7,6000,6000,600,600,5997,2958,1223,1515,301,0,9.18333,0
4003409049,1,7,2000,6000,600,600,5999,4786,816,397,0,0,10.7167,0
4003409049,1,7,3000,6000,600,600,5999,4794,799,406,0,0,8.93333,0
4003409049,1,7,4000,6000,600,600,5999,4709,780,510,0,0,9.38333,0
4003409049,1,7,8000,6000,600,600,5994,1028,1707,2666,593,0,9.85,0
4003409049,1,7,10000,6000,600,600,5994,548,1742,2587,1117,0,9.63333,0
4003409049,1,8,6000,6000,600,600,5996,778,2074,3144,0,0,10.3333,0
4003409049,1,8,2000,6000,600,600,5997,899,2059,3039,0,0,10.8,0
4003409049,1,8,3000,6000,600,600,5997,900,2057,3040,0,0,9.83333,0
4003409049,1,8,4000,6000,600,600,5997,899,2054,3044,0,0,9.88333,0
4003409049,1,8,8000,6000,600,600,5996,526,2079,3391,0,0,10.15,0
4003409049,1,8,10000,6000,600,600,5996,465,1927,3091,513,0,8.91667,0
4003409049,1,9,6000,6000,600,600,5996,2716,1095,1467,718,0,9.9,0
4003409049,1,9,2000,6000,600,600,5996,3282,1182,1532,0,0,10.4833,0
4003409049,1,9,3000,6000,600,600,5996,3282,1182,1532,0,0,8.86667,0
4003409049,1,9,4000,6000,600,600,5996,3282,1182,1532,0,0,9.01667,0
4003409049,1,9,8000,6000,600,600,5996,2060,935,1264,1737,0,9.61667,0
4003409049,1,9,10000,6000,600,600,5995,1647,646,861,2841,0,8.96667,0
908263054,1,1,6000,6000,600,600,6000,2454,434,10,3102,0,8.91667,0
908263054,1,1,2000,6000,600,600,6000,4589,1371,40,0,0,9.2,0
908263054,1,1,3000,6000,600,600,6000,4589,1371,40,0,0,9.21667,0
908263054,1,1,4000,6000,600,600,6000,4589,1371,40,0,0,8.85,0
908263054,1,1,8000,6000,600,600,6000,1481,143,1,4375,0,10.4333,0
908263054,1,1,10000,6000,600,600,6000,978,51,1,4970,0,9.13333,0
908263054,1,2,6000,6000,600,600,5993,113,2252,3628,0,0,9.03333,0
908263054,1,2,2000,6000,600,600,5993,113,2252,3628,0,0,10.0333,0
908263054,1,2,3000,6000,600,600,5993,113,2252,3628,0,0,10.2667,0
908263054,1,2,4000,6000,600,600,5993,113,2252,3628,0,0,9.83333,0
908263054,1,2,8000,6000,600,600,5993,113,2252,3628,0,0,9.06667,0
908263054,1,2,10000,6000,600,600,5993,138,2115,3260,480,0,9.13333,0
908263054,1,3,6000,6000,600,600,5997,3263,1280,1454,0,0,8.96667,0
908263054,1,3,2000,6000,600,600,5997,3263,1280,1454,0,0,10.2167,0
908263054,1,3,3000,6000,600,600,5997,3263,1280,1454,0,0,9.66667,0
908263054,1,3,4000,6000,600,600,5997,3263,1280,1454,0,0,9.06667,0
908263054,1,3,8000,6000,600,600,5997,3263,1280,1454,0,0,9.8,0
908263054,1,3,10000,6000,600,600,6000,1314,72,3,4611,0,9.15,0
908263054,1,4,6000,6000,600,600,5999,3675,583,306,1435,0,9.91667,0
908263054,1,4,2000,6000,600,600,5999,4850,776,373,0,0,10.5333,0
908263054,1,4,3000,6000,600,600,5999,4850,776,373,0,0,10.3333,0
908263054,1,4,4000,6000,600,600,5999,4850,776,373,0,0,9.53333,0
908263054,1,4,8000,6000,600,600,5999,1851,265,141,3742,0,9.23333,0
908263054,1,4,10000,6000,600,600,6000,978,51,1,4970,0,10.3667,0
908263054,1,5,6000,6000,600,600,5995,841,2116,3038,0,0,10.6833,0
908263054,1,5,2000,6000,600,600,5995,841,2116,3038,0,0,9.55,0
908263054,1,5,3000,6000,600,600,5995,841,2116,3038,0,0,9.53333,0
908263054,1,5,4000,6000,600,600,5995,841,2116,3038,0,0,10.4,0
908263054,1,5,8000,6000,600,600,5995,841,2116,3038,0,0,10.4167,0
908263054,1,5,10000,6000,600,600,5994,1020,1875,2461,638,0,10.7333,0
908263054,1,6,6000,6000,600,600,5998,3516,1296,1186,0,0,10.7667,0
908263054,1,6,2000,6000,600,600,6000,4589,1371,40,0,0,9.5,0
908263054,1,6,3000,6000,600,600,6000,4724,1232,44,0,0,9.68333,0
908263054,1,6,4000,6000,600,600,6000,4893,981,126,0,0,10.6167,0
908263054,1,6,8000,6000,600,600,5994,1458,1870,2666,0,0,10.7667,0
908263054,1,6,10000,6000,600,600,5993,1006,1826,2539,622,0,8.98333,0
908263054,1,7,6000,6000,600,600,5998,2936,1256,1498,308,0,8.91667,0
908263054,1,7,2000,6000,600,600,5999,4850,776,373,0,0,9.75,0
908263054,1,7,3000,6000,600,600,5999,4869,754,376,0,0,10.6333,0
908263054,1,7,4000,6000,600,600,5998,4708,800,490,0,0,10.6333,0
908263054,1,7,8000,6000,600,600,5994,990,1734,2711,559,0,9.38333,0
908263054,1,7,10000,6000,600,600,5994,517,1763,2611,1103,0,9.73333,0
908263054,1,8,6000,6000,600,600,5994,709,2130,3155,0,0,10.8167,0
908263054,1,8,2000,6000,600,600,5995,841,2116,3038,0,0,10.7667,0
908263054,1,8,3000,6000,600,600,5995,841,2116,3038,0,0,8.9,0
908263054,1,8,4000,6000,600,600,5995,840,2115,3040,0,0,10.4,0
908263054,1,8,8000,6000,600,600,5994,501,2103,3390,0,0,10.15,0
908263054,1,8,10000,6000,600,600,5994,436,1953,3094,511,0,9.98333,0
908263054,1,9,6000,6000,600,600,5997,2718,1096,1414,769,0,10.1167,0
908263054,1,9,2000,6000,600,600,5997,3319,1215,1463,0,0,9.31667,0
908263054,1,9,3000,6000,600,600,5997,3318,1216,1463,0,0,10.6333,0
908263054,1,9,4000,6000,600,600,5997,3318,1216,1463,0,0,9.15,0
908263054,1,9,8000,6000,600,600,5997,2020,937,1247,1793,0,10.4,0
908263054,1,9,10000,6000,600,600,5998,1543,686,815,2954,0,10.6333,0
3585261411,1,1,6000,6000,600,600,6000,2546,477,9,2968,0,8.76667,0
3585261411,1,1,2000,6000,600,600,6000,4535,1428,37,0,0,9.85,0
3585261411,1,1,3000,6000,600,600,6000,4535,1428,37,0,0,10.7,0
3585261411,1,1,4000,6000,600,600,6000,4535,1428,37,0,0,9.4,0
3585261411,1,1,8000,6000,600,600,6000,1526,145,2,4327,0,9.66667,0
3585261411,1,1,10000,6000,600,600,6000,1031,59,2,4908,0,9.51667,0
3585261411,1,2,6000,6000,600,600,5993,109,2241,3643,0,0,9.01667,0
3585261411,1,2,2000,6000,600,600,5993,109,2241,3643,0,0,9.13333,0
3585261411,1,2,3000,6000,600,600,5993,109,2241,3643,0,0,9.05,0
3585261411,1,2,4000,6000,600,600,5993,109,2241,3643,0,0,10.4,0
3585261411,1,2,8000,6000,600,600,5993,109,2241,3643,0,0,10.9667,0
3585261411,1,2,10000,6000,600,600,5993,132,2109,3280,472,0,9.21667,0
3585261411,1,3,6000,6000,600,600,5994,3217,1299,1478,0,0,10.7667,0
3585261411,1,3,2000,6000,600,600,5994,3217,1299,1478,0,0,10.7833,0
3585261411,1,3,3000,6000,600,600,5994,3217,1299,1478,0,0,10.75,0
3585261411,1,3,4000,6000,600,600,5994,3217,1299,1478,0,0,9.61667,0
3585261411,1,3,8000,6000,600,600,5994,3217,1299,1478,0,0,10.4667,0
3585261411,1,3,10000,6000,600,600,6000,1377,63,3,4557,0,9.21667,0
3585261411,1,4,6000,6000,600,600,5999,3785,672,308,1234,0,9.65,0
3585261411,1,4,2000,6000,600,600,5999,4772,854,373,0,0,8.96667,0
3585261411,1,4,3000,6000,600,600,5999,4772,854,373,0,0,8.83333,0
3585261411,1,4,4000,6000,600,600,5999,4772,854,373,0,0,10.8,0
3585261411,1,4,8000,6000,600,600,5998,1912,277,147,3662,0,9.58333,0
3585261411,1,4,10000,6000,600,600,6000,1031,59,2,4908,0,10.25,0
3585261411,1,5,6000,6000,600,600,5993,861,2086,3046,0,0,8.9,0
3585261411,1,5,2000,6000,600,600,5993,862,2085,3046,0,0,10.4,0
3585261411,1,5,3000,6000,600,600,5993,861,2086,3046,0,0,10.7167,0
3585261411,1,5,4000,6000,600,600,5993,861,2086,3046,0,0,8.96667,0
3585261411,1,5,8000,6000,600,600,5993,861,2086,3046,0,0,10.1333,0
3585261411,1,5,10000,6000,600,600,5992,1002,1885,2519,586,0,9.28333,0
3585261411,1,6,6000,6000,600,600,5995,3526,1253,1216,0,0,8.78333,0
3585261411,1,6,2000,6000,600,600,6000,4535,1428,37,0,0,9.5,0
3585261411,1,6,3000,6000,600,600,6000,4656,1305,39,0,0,9.6,0
3585261411,1,6,4000,6000,600,600,5999,4857,1023,119,0,0,10.3,0
3585261411,1,6,8000,6000,600,600,5994,1565,1818,2611,0,0,10.2,0
3585261411,1,6,10000,6000,600,600,5992,1015,1831,2557,589,0,9.26667,0
3585261411,1,7,6000,6000,600,600,5994,2941,1289,1480,284,0,10.4167,0
3585261411,1,7,2000,6000,600,600,5999,4772,854,373,0,0,10.6833,0
3585261411,1,7,3000,6000,600,600,5999,4783,838,378,0,0,8.93333,0
3585261411,1,7,4000,6000,600,600,5998,4680,826,492,0,0,9.35,0
3585261411,1,7,8000,6000,600,600,5995,1056,1684,2638,617,0,8.91667,0
3585261411,1,7,10000,6000,600,600,5993,538,1756,2619,1080,0,9.4,0
3585261411,1,8,6000,6000,600,600,5992,737,2099,3156,0,0,10.1333,0
3585261411,1,8,2000,6000,600,600,5993,862,2085,3046,0,0,9.65,0
3585261411,1,8,3000,6000,600,600,5993,861,2086,3046,0,0,8.91667,0
3585261411,1,8,4000,6000,600,600,5993,852,2093,3048,0,0,9.81667,0
3585261411,1,8,8000,6000,600,600,5993,542,2055,3396,0,0,9.98333,0
3585261411,1,8,10000,6000,600,600,5993,436,1980,3088,489,0,10.6667,0
3585261411,1,9,6000,6000,600,600,5994,2826,1053,1382,733,0,10.0333,0
3585261411,1,9,2000,6000,600,600,5994,3402,1155,1437,0,0,8.96667,0
3585261411,1,9,3000,6000,600,600,5994,3402,1155,1437,0,0,8.85,0
3585261411,1,9,4000,6000,600,600,5994,3402,1155,1437,0,0,10.8167,0
3585261411,1,9,8000,6000,600,600,5994,2132,917,1225,1720,0,9.21667,0
3585261411,1,9,10000,6000,600,600,5995,1649,657,800,2889,0,10.7667,0
2834584318,1,1,6000,6000,600,600,6000,2541,472,10,2977,0,10.7667,0
2834584318,1,1,2000,6000,600,600,6000,4547,1410,43,0,0,8.8,0
2834584318,1,1,3000,6000,600,600,6000,4548,1409,43,0,0,9.66667,0
2834584318,1,1,4000,6000,600,600,6000,4548,1409,43,0,0,9.61667,0
2834584318,1,1,8000,6000,600,600,6000,1523,150,1,4326,0,9.3,0
2834584318,1,1,10000,6000,600,600,6000,1023,58,1,4918,0,9.76667,0
2834584318,1,2,6000,6000,600,600,5994,131,2233,3630,0,0,10.5833,0
2834584318,1,2,2000,6000,600,600,5994,130,2234,3630,0,0,10.9,0
2834584318,1,2,3000,6000,600,600,5994,131,2233,3630,0,0,10.6167,0
2834584318,1,2,4000,6000,600,600,5994,131,2233,3630,0,0,9.11667,0
2834584318,1,2,8000,6000,600,600,5994,131,2233,3630,0,0,9.7,0
2834584318,1,2,10000,6000,600,600,5992,144,2114,3279,455,0,10.2167,0
2834584318,1,3,6000,6000,600,600,5997,3142,1336,1519,0,0,10.7833,0
2834584318,1,3,2000,6000,600,600,5997,3142,1336,1519,0,0,9.66667,0
2834584318,1,3,3000,6000,600,600,5997,3142,1336,1519,0,0,9.46667,0
2834584318,1,3,4000,6000,600,600,5997,3142,1336,1519,0,0,10.8333,0
2834584318,1,3,8000,6000,600,600,5997,3142,1336,1519,0,0,9.16667,0
2834584318,1,3,10000,6000,600,600,6000,1381,95,2,4522,0,9.31667,0
2834584318,1,4,6000,6000,600,600,5997,3798,651,329,1219,0,10.3833,0
2834584318,1,4,2000,6000,600,600,5997,4790,818,389,0,0,9.75,0
2834584318,1,4,3000,6000,600,600,5997,4791,817,389,0,0,10.4333,0
2834584318,1,4,4000,6000,600,600,5997,4791,817,389,0,0,9.7,0
2834584318,1,4,8000,6000,600,600,5998,1897,299,154,3648,0,8.83333,0
2834584318,1,4,10000,6000,600,600,6000,1023,58,1,4918,0,8.88333,0
2834584318,1,5,6000,6000,600,600,5994,905,2078,3011,0,0,10.75,0
2834584318,1,5,2000,6000,600,600,5994,905,2078,3011,0,0,9.55,0
2834584318,1,5,3000,6000,600,600,5994,905,2078,3011,0,0,8.86667,0
2834584318,1,5,4000,6000,600,600,5994,905,2078,3011,0,0,10.8667,0
2834584318,1,5,8000,6000,600,600,5994,905,2078,3011,0,0,10.5167,0
2834584318,1,5,10000,6000,600,600,5992,1045,1876,2507,564,0,9.88333,0
2834584318,1,6,6000,6000,600,600,5998,3553,1242,1203,0,0,8.83333,0
2834584318,1,6,2000,6000,600,600,6000,4547,1410,43,0,0,8.86667,0
2834584318,1,6,3000,6000,600,600,6000,4674,1281,45,0,0,10.4,0
2834584318,1,6,4000,6000,600,600,5999,4880,993,126,0,0,10.6833,0
2834584318,1,6,8000,6000,600,600,5994,1554,1822,2618,0,0,10.4667,0
2834584318,1,6,10000,6000,600,600,5992,1074,1805,2544,569,0,9.91667,0
2834584318,1,7,6000,6000,600,600,5995,3007,1215,1472,301,0,10.7,0
2834584318,1,7,2000,6000,600,600,5997,4790,818,389,0,0,9.16667,0
2834584318,1,7,3000,6000,600,600,5997,4789,813,395,0,0,8.93333,0
2834584318,1,7,4000,6000,600,600,5997,4655,831,511,0,0,9.58333,0
2834584318,1,7,8000,6000,600,600,5994,1090,1704,2627,573,0,10.2,0
2834584318,1,7,10000,6000,600,600,5994,570,1760,2590,1074,0,9.18333,0
2834584318,1,8,6000,6000,600,600,5994,777,2079,3138,0,0,10.2333,0
2834584318,1,8,2000,6000,600,600,5994,905,2078,3011,0,0,10.2167,0
2834584318,1,8,3000,6000,600,600,5994,904,2078,3012,0,0,10.15,0
2834584318,1,8,4000,6000,600,600,5994,900,2074,3020,0,0,10.7833,0
2834584318,1,8,8000,6000,600,600,5994,546,2072,3376,0,0,9.28333,0
2834584318,1,8,10000,6000,600,600,5992,466,1970,3089,467,0,9.86667,0
2834584318,1,9,6000,6000,600,600,5997,2765,1141,1389,702,0,10.4,0
2834584318,1,9,2000,6000,600,600,5997,3298,1246,1453,0,0,9.51667,0
2834584318,1,9,3000,6000,600,600,5997,3298,1246,1453,0,0,10.1,0
2834584318,1,9,4000,6000,600,600,5997,3298,1246,1453,0,0,8.86667,0
2834584318,1,9,8000,6000,600,600,5997,2067,972,1218,1740,0,9.61667,0
2834584318,1,9,10000,6000,600,600,5997,1638,674,824,2861,0,10.5167,0
