RunSeed,Seed,Algoritmo,Radius,nDevices,appPeriodSeconds,simulationTime,PHYTotal,PHYSuccessful,PHYInterfered,PHYNoMoreReceivers,PHYUnderSensitivity,PHYLostBecauseTX,SimulationDuration,targetRealocation
1799626923,1,7,3000,3000,600,600,3000,2652,343,5,0,0,1.76667,0
1799626923,1,7,3000,1000,600,600,1000,964,36,0,0,0,0.1,0
1799626923,1,7,3000,6000,600,600,5999,4711,1252,36,0,0,8.06667,0
1799626923,1,7,3000,3000,600,600,3000,2652,343,5,0,0,1.75,5
1799626923,1,7,3000,1000,600,600,1000,964,36,0,0,0,0.1,5
1799626923,1,7,3000,6000,600,600,5999,4711,1252,36,0,0,8.06667,5
1799626923,1,7,3000,3000,600,600,3000,2652,343,5,0,0,1.75,10
1799626923,1,7,3000,1000,600,600,1000,964,36,0,0,0,0.1,10
1799626923,1,7,3000,6000,600,600,5999,4711,1252,36,0,0,7.98333,10
1799626923,1,7,3000,3000,600,600,3000,2652,343,5,0,0,1.76667,20
1799626923,1,7,3000,1000,600,600,1000,964,36,0,0,0,0.0833333,20
1799626923,1,7,3000,6000,600,600,5999,4711,1252,36,0,0,7.95,20
1799626923,1,7,3000,3000,600,600,3000,2652,343,5,0,0,1.71667,50
1799626923,1,7,3000,1000,600,600,1000,964,36,0,0,0,0.0833333,50
1799626923,1,7,3000,6000,600,600,5999,4711,1252,36,0,0,7.48333,50
1799626923,1,7,3000,3000,600,600,3000,2652,343,5,0,0,1.75,60
1799626923,1,7,3000,1000,600,600,1000,964,36,0,0,0,0.1,60
1799626923,1,7,3000,6000,600,600,5999,4711,1252,36,0,0,7.9,60
1799626923,1,7,3000,3000,600,600,3000,2652,343,5,0,0,1.83333,80
1799626923,1,7,3000,1000,600,600,1000,964,36,0,0,0,0.1,80
1799626923,1,7,3000,6000,600,600,5999,4711,1252,36,0,0,7.9,80
2444680907,1,7,3000,3000,600,600,3000,2656,338,6,0,0,1.83333,0
2444680907,1,7,3000,1000,600,600,1000,963,37,0,0,0,0.0833333,0
2444680907,1,7,3000,6000,600,600,5999,4640,1301,58,0,0,8.13333,0
2444680907,1,7,3000,3000,600,600,3000,2656,338,6,0,0,1.76667,5
2444680907,1,7,3000,1000,600,600,1000,963,37,0,0,0,0.1,5
2444680907,1,7,3000,6000,600,600,5999,4640,1301,58,0,0,8.05,5
2444680907,1,7,3000,3000,600,600,3000,2656,338,6,0,0,1.76667,10
2444680907,1,7,3000,1000,600,600,1000,963,37,0,0,0,0.1,10
2444680907,1,7,3000,6000,600,600,5999,4640,1301,58,0,0,7.46667,10
2444680907,1,7,3000,3000,600,600,3000,2656,338,6,0,0,1.76667,20
2444680907,1,7,3000,1000,600,600,1000,963,37,0,0,0,0.1,20
2444680907,1,7,3000,6000,600,600,5999,4640,1301,58,0,0,7.95,20
2444680907,1,7,3000,3000,600,600,3000,2656,338,6,0,0,1.8,50
2444680907,1,7,3000,1000,600,600,1000,963,37,0,0,0,0.1,50
2444680907,1,7,3000,6000,600,600,5999,4640,1301,58,0,0,8.01667,50
2444680907,1,7,3000,3000,600,600,3000,2656,338,6,0,0,1.75,60
2444680907,1,7,3000,1000,600,600,1000,963,37,0,0,0,0.1,60
2444680907,1,7,3000,6000,600,600,5999,4640,1301,58,0,0,8.05,60
2444680907,1,7,3000,3000,600,600,3000,2656,338,6,0,0,1.86667,80
2444680907,1,7,3000,1000,600,600,1000,963,37,0,0,0,0.0833333,80
2444680907,1,7,3000,6000,600,600,5999,4640,1301,58,0,0,8.35,80
1032040143,1,7,3000,3000,600,600,2999,2671,323,5,0,0,1.78333,0
1032040143,1,7,3000,1000,600,600,1000,959,41,0,0,0,0.0833333,0
1032040143,1,7,3000,6000,600,600,6000,4661,1298,41,0,0,7.43333,0
1032040143,1,7,3000,3000,600,600,2999,2671,323,5,0,0,1.75,5
1032040143,1,7,3000,1000,600,600,1000,959,41,0,0,0,0.0833333,5
1032040143,1,7,3000,6000,600,600,6000,4661,1298,41,0,0,7.95,5
1032040143,1,7,3000,3000,600,600,2999,2671,323,5,0,0,1.71667,10
1032040143,1,7,3000,1000,600,600,1000,959,41,0,0,0,0.1,10
1032040143,1,7,3000,6000,600,600,6000,4661,1298,41,0,0,7.85,10
1032040143,1,7,3000,3000,600,600,2999,2671,323,5,0,0,1.7,20
1032040143,1,7,3000,1000,600,600,1000,959,41,0,0,0,0.1,20
1032040143,1,7,3000,6000,600,600,6000,4661,1298,41,0,0,7.86667,20
1032040143,1,7,3000,3000,600,600,2999,2671,323,5,0,0,1.8,50
1032040143,1,7,3000,1000,600,600,1000,959,41,0,0,0,0.1,50
1032040143,1,7,3000,6000,600,600,6000,4661,1298,41,0,0,7.86667,50
1032040143,1,7,3000,3000,600,600,2999,2671,323,5,0,0,1.73333,60
1032040143,1,7,3000,1000,600,600,1000,959,41,0,0,0,0.1,60
1032040143,1,7,3000,6000,600,600,6000,4661,1298,41,0,0,7.71667,60
1032040143,1,7,3000,3000,600,600,2999,2671,323,5,0,0,1.71667,80
1032040143,1,7,3000,1000,600,600,1000,959,41,0,0,0,0.1,80
1032040143,1,7,3000,6000,600,600,6000,4661,1298,41,0,0,7.9,80
2549706877,1,7,3000,3000,600,600,3000,2645,347,8,0,0,1.75,0
2549706877,1,7,3000,1000,600,600,999,970,29,0,0,0,0.1,0
2549706877,1,7,3000,6000,600,600,6000,4637,1318,45,0,0,8.08333,0
2549706877,1,7,3000,3000,600,600,3000,2645,347,8,0,0,1.78333,5
2549706877,1,7,3000,1000,600,600,999,970,29,0,0,0,0.1,5
2549706877,1,7,3000,6000,600,600,6000,4637,1318,45,0,0,8,5
2549706877,1,7,3000,3000,600,600,3000,2645,347,8,0,0,1.78333,10
2549706877,1,7,3000,1000,600,600,999,970,29,0,0,0,0.1,10
2549706877,1,7,3000,6000,600,600,6000,4637,1318,45,0,0,8.05,10
2549706877,1,7,3000,3000,600,600,3000,2645,347,8,0,0,1.73333,20
2549706877,1,7,3000,1000,600,600,999,970,29,0,0,0,0.1,20
2549706877,1,7,3000,6000,600,600,6000,4637,1318,45,0,0,7.7,20
2549706877,1,7,3000,3000,600,600,3000,2645,347,8,0,0,1.8,50
2549706877,1,7,3000,1000,600,600,999,970,29,0,0,0,0.1,50
2549706877,1,7,3000,6000,600,600,6000,4637,1318,45,0,0,7.93333,50
2549706877,1,7,3000,3000,600,600,3000,2645,347,8,0,0,1.78333,60
2549706877,1,7,3000,1000,600,600,999,970,29,0,0,0,0.1,60
2549706877,1,7,3000,6000,600,600,6000,4637,1318,45,0,0,8.1,60
2549706877,1,7,3000,3000,600,600,3000,2645,347,8,0,0,1.75,80
2549706877,1,7,3000,1000,600,600,999,970,29,0,0,0,0.1,80
2549706877,1,7,3000,6000,600,600,6000,4637,1318,45,0,0,8.03333,80
2728793102,1,7,3000,3000,600,600,3000,2678,318,4,0,0,1.78333,0
2728793102,1,7,3000,1000,600,600,1000,949,51,0,0,0,0.1,0
2728793102,1,7,3000,6000,600,600,5999,4738,1218,43,0,0,8.01667,0
2728793102,1,7,3000,3000,600,600,3000,2678,318,4,0,0,1.8,5
2728793102,1,7,3000,1000,600,600,1000,949,51,0,0,0,0.1,5
2728793102,1,7,3000,6000,600,600,5999,4738,1218,43,0,0,7.8,5
2728793102,1,7,3000,3000,600,600,3000,2678,318,4,0,0,1.71667,10
2728793102,1,7,3000,1000,600,600,1000,949,51,0,0,0,0.1,10
2728793102,1,7,3000,6000,600,600,5999,4738,1218,43,0,0,8.03333,10
2728793102,1,7,3000,3000,600,600,3000,2678,318,4,0,0,1.76667,20
2728793102,1,7,3000,1000,600,600,1000,949,51,0,0,0,0.1,20
2728793102,1,7,3000,6000,600,600,5999,4738,1218,43,0,0,7.8,20
2728793102,1,7,3000,3000,600,600,3000,2678,318,4,0,0,1.78333,50
2728793102,1,7,3000,1000,600,600,1000,949,51,0,0,0,0.1,50
2728793102,1,7,3000,6000,600,600,5999,4738,1218,43,0,0,7.86667,50
2728793102,1,7,3000,3000,600,600,3000,2678,318,4,0,0,1.76667,60
2728793102,1,7,3000,1000,600,600,1000,949,51,0,0,0,0.1,60
2728793102,1,7,3000,6000,600,600,5999,4738,1218,43,0,0,8.13333,60
2728793102,1,7,3000,3000,600,600,3000,2678,318,4,0,0,1.8,80
2728793102,1,7,3000,1000,600,600,1000,949,51,0,0,0,0.133333,80
2728793102,1,7,3000,6000,600,600,5999,4738,1218,43,0,0,7.93333,80
2907084836,1,7,3000,3000,600,600,3000,2656,341,3,0,0,1.81667,0
2907084836,1,7,3000,1000,600,600,1000,959,41,0,0,0,0.1,0
2907084836,1,7,3000,6000,600,600,6000,4676,1279,45,0,0,8.03333,0
2907084836,1,7,3000,3000,600,600,3000,2656,341,3,0,0,1.85,5
2907084836,1,7,3000,1000,600,600,1000,959,41,0,0,0,0.1,5
2907084836,1,7,3000,6000,600,600,6000,4676,1279,45,0,0,8,5
2907084836,1,7,3000,3000,600,600,3000,2656,341,3,0,0,1.8,10
2907084836,1,7,3000,1000,600,600,1000,959,41,0,0,0,0.1,10
2907084836,1,7,3000,6000,600,600,6000,4676,1279,45,0,0,8.01667,10
2907084836,1,7,3000,3000,600,600,3000,2656,341,3,0,0,1.75,20
2907084836,1,7,3000,1000,600,600,1000,959,41,0,0,0,0.1,20
2907084836,1,7,3000,6000,600,600,6000,4676,1279,45,0,0,8,20
2907084836,1,7,3000,3000,600,600,3000,2656,341,3,0,0,1.8,50
2907084836,1,7,3000,1000,600,600,1000,959,41,0,0,0,0.1,50
2907084836,1,7,3000,6000,600,600,6000,4676,1279,45,0,0,7.86667,50
2907084836,1,7,3000,3000,600,600,3000,2656,341,3,0,0,1.7,60
2907084836,1,7,3000,1000,600,600,1000,959,41,0,0,0,0.1,60
2907084836,1,7,3000,6000,600,600,6000,4676,1279,45,0,0,8.03333,60
2907084836,1,7,3000,3000,600,600,3000,2656,341,3,0,0,1.76667,80
2907084836,1,7,3000,1000,600,600,1000,959,41,0,0,0,0.1,80
2907084836,1,7,3000,6000,600,600,6000,4676,1279,45,0,0,7.93333,80
4022923163,1,7,3000,3000,600,600,3000,2629,362,9,0,0,1.75,0
4022923163,1,7,3000,1000,600,600,1000,954,46,0,0,0,0.1,0
4022923163,1,7,3000,6000,600,600,5998,4610,1335,53,0,0,8.1,0
4022923163,1,7,3000,3000,600,600,3000,2629,362,9,0,0,1.76667,5
4022923163,1,7,3000,1000,600,600,1000,954,46,0,0,0,0.1,5
4022923163,1,7,3000,6000,600,600,5998,4610,1335,53,0,0,8.06667,5
4022923163,1,7,3000,3000,600,600,3000,2629,362,9,0,0,1.81667,10
4022923163,1,7,3000,1000,600,600,1000,954,46,0,0,0,0.1,10
4022923163,1,7,3000,6000,600,600,5998,4610,1335,53,0,0,8.05,10
4022923163,1,7,3000,3000,600,600,3000,2629,362,9,0,0,1.75,20
4022923163,1,7,3000,1000,600,600,1000,954,46,0,0,0,0.1,20
4022923163,1,7,3000,6000,600,600,5998,4610,1335,53,0,0,8.1,20
4022923163,1,7,3000,3000,600,600,3000,2629,362,9,0,0,1.75,50
4022923163,1,7,3000,1000,600,600,1000,954,46,0,0,0,0.1,50
4022923163,1,7,3000,6000,600,600,5998,4610,1335,53,0,0,8.03333,50
4022923163,1,7,3000,3000,600,600,3000,2629,362,9,0,0,1.76667,60
4022923163,1,7,3000,1000,600,600,1000,954,46,0,0,0,0.1,60
4022923163,1,7,3000,6000,600,600,5998,4610,1335,53,0,0,8.03333,60
4022923163,1,7,3000,3000,600,600,3000,2629,362,9,0,0,1.83333,80
4022923163,1,7,3000,1000,600,600,1000,954,46,0,0,0,0.0833333,80
4022923163,1,7,3000,6000,600,600,5998,4610,1335,53,0,0,8.13333,80
177713785,1,7,3000,3000,600,600,2999,2641,356,2,0,0,1.81667,0
177713785,1,7,3000,1000,600,600,1000,975,25,0,0,0,0.1,0
177713785,1,7,3000,6000,600,600,6000,4661,1297,42,0,0,8,0
177713785,1,7,3000,3000,600,600,2999,2641,356,2,0,0,1.73333,5
177713785,1,7,3000,1000,600,600,1000,975,25,0,0,0,0.1,5
177713785,1,7,3000,6000,600,600,6000,4661,1297,42,0,0,7.36667,5
177713785,1,7,3000,3000,600,600,2999,2641,356,2,0,0,1.81667,10
177713785,1,7,3000,1000,600,600,1000,975,25,0,0,0,0.1,10
177713785,1,7,3000,6000,600,600,6000,4661,1297,42,0,0,8.08333,10
177713785,1,7,3000,3000,600,600,2999,2641,356,2,0,0,1.71667,20
177713785,1,7,3000,1000,600,600,1000,975,25,0,0,0,0.1,20
177713785,1,7,3000,6000,600,600,6000,4661,1297,42,0,0,8.1,20
177713785,1,7,3000,3000,600,600,2999,2641,356,2,0,0,1.8,50
177713785,1,7,3000,1000,600,600,1000,975,25,0,0,0,0.1,50
177713785,1,7,3000,6000,600,600,6000,4661,1297,42,0,0,7.88333,50
177713785,1,7,3000,3000,600,600,2999,2641,356,2,0,0,1.63333,60
177713785,1,7,3000,1000,600,600,1000,975,25,0,0,0,0.1,60
177713785,1,7,3000,6000,600,600,6000,4661,1297,42,0,0,8.05,60
177713785,1,7,3000,3000,600,600,2999,2641,356,2,0,0,1.65,80
177713785,1,7,3000,1000,600,600,1000,975,25,0,0,0,0.0833333,80
177713785,1,7,3000,6000,600,600,6000,4661,1297,42,0,0,7.56667,80
2746854527,1,7,3000,3000,600,600,2999,2668,329,2,0,0,1.66667,0
2746854527,1,7,3000,1000,600,600,1000,971,29,0,0,0,0.1,0
2746854527,1,7,3000,6000,600,600,5999,4671,1276,52,0,0,8.06667,0
2746854527,1,7,3000,3000,600,600,2999,2668,329,2,0,0,1.7,5
2746854527,1,7,3000,1000,600,600,1000,971,29,0,0,0,0.0833333,5
2746854527,1,7,3000,6000,600,600,5999,4671,1276,52,0,0,8.01667,5
2746854527,1,7,3000,3000,600,600,2999,2668,329,2,0,0,1.65,10
2746854527,1,7,3000,1000,600,600,1000,971,29,0,0,0,0.1,10
2746854527,1,7,3000,6000,600,600,5999,4671,1276,52,0,0,7.96667,10
2746854527,1,7,3000,3000,600,600,2999,2668,329,2,0,0,1.7,20
2746854527,1,7,3000,1000,600,600,1000,971,29,0,0,0,0.1,20
2746854527,1,7,3000,6000,600,600,5999,4671,1276,52,0,0,7.93333,20
2746854527,1,7,3000,3000,600,600,2999,2668,329,2,0,0,1.61667,50
2746854527,1,7,3000,1000,600,600,1000,971,29,0,0,0,0.1,50
2746854527,1,7,3000,6000,600,600,5999,4671,1276,52,0,0,7.73333,50
2746854527,1,7,3000,3000,600,600,2999,2668,329,2,0,0,1.68333,60
2746854527,1,7,3000,1000,600,600,1000,971,29,0,0,0,0.1,60
2746854527,1,7,3000,6000,600,600,5999,4671,1276,52,0,0,7.88333,60
2746854527,1,7,3000,3000,600,600,2999,2668,329,2,0,0,1.73333,80
2746854527,1,7,3000,1000,600,600,1000,971,29,0,0,0,0.0833333,80
2746854527,1,7,3000,6000,600,600,5999,4671,1276,52,0,0,7.86667,80
3928692591,1,7,3000,3000,600,600,3000,2661,334,5,0,0,1.75,0
3928692591,1,7,3000,1000,600,600,1000,963,37,0,0,0,0.1,0
3928692591,1,7,3000,6000,600,600,5999,4677,1280,42,0,0,8.01667,0
3928692591,1,7,3000,3000,600,600,3000,2661,334,5,0,0,1.75,5
3928692591,1,7,3000,1000,600,600,1000,963,37,0,0,0,0.1,5
3928692591,1,7,3000,6000,600,600,5999,4677,1280,42,0,0,7.9,5
3928692591,1,7,3000,3000,600,600,3000,2661,334,5,0,0,1.68333,10
3928692591,1,7,3000,1000,600,600,1000,963,37,0,0,0,0.1,10
3928692591,1,7,3000,6000,600,600,5999,4677,1280,42,0,0,7.86667,10
3928692591,1,7,3000,3000,600,600,3000,2661,334,5,0,0,1.53333,20
3928692591,1,7,3000,1000,600,600,1000,963,37,0,0,0,0.1,20
3928692591,1,7,3000,6000,600,600,5999,4677,1280,42,0,0,8.03333,20
3928692591,1,7,3000,3000,600,600,3000,2661,334,5,0,0,1.7,50
3928692591,1,7,3000,1000,600,600,1000,963,37,0,0,0,0.1,50
3928692591,1,7,3000,6000,600,600,5999,4677,1280,42,0,0,7.9,50
3928692591,1,7,3000,3000,600,600,3000,2661,334,5,0,0,1.65,60
3928692591,1,7,3000,1000,600,600,1000,963,37,0,0,0,0.1,60
3928692591,1,7,3000,6000,600,600,5999,4677,1280,42,0,0,8.03333,60
3928692591,1,7,3000,3000,600,600,3000,2661,334,5,0,0,1.63333,80
3928692591,1,7,3000,1000,600,600,1000,963,37,0,0,0,0.0833333,80
3928692591,1,7,3000,6000,600,600,5999,4677,1280,42,0,0,8.03333,80
456451222,1,7,3000,3000,600,600,2997,2625,361,11,0,0,1.65,0
456451222,1,7,3000,1000,600,600,1000,944,56,0,0,0,0.1,0
456451222,1,7,3000,6000,600,600,6000,4699,1248,53,0,0,8.01667,0
456451222,1,7,3000,3000,600,600,2997,2625,361,11,0,0,1.61667,5
456451222,1,7,3000,1000,600,600,1000,944,56,0,0,0,0.1,5
456451222,1,7,3000,6000,600,600,6000,4699,1248,53,0,0,7.33333,5
456451222,1,7,3000,3000,600,600,2997,2625,361,11,0,0,1.68333,10
456451222,1,7,3000,1000,600,600,1000,944,56,0,0,0,0.1,10
456451222,1,7,3000,6000,600,600,6000,4699,1248,53,0,0,7.98333,10
456451222,1,7,3000,3000,600,600,2997,2625,361,11,0,0,1.7,20
456451222,1,7,3000,1000,600,600,1000,944,56,0,0,0,0.116667,20
456451222,1,7,3000,6000,600,600,6000,4699,1248,53,0,0,7.91667,20
456451222,1,7,3000,3000,600,600,2997,2625,361,11,0,0,1.65,50
456451222,1,7,3000,1000,600,600,1000,944,56,0,0,0,0.1,50
456451222,1,7,3000,6000,600,600,6000,4699,1248,53,0,0,8,50
456451222,1,7,3000,3000,600,600,2997,2625,361,11,0,0,1.63333,60
456451222,1,7,3000,1000,600,600,1000,944,56,0,0,0,0.1,60
456451222,1,7,3000,6000,600,600,6000,4699,1248,53,0,0,7.88333,60
456451222,1,7,3000,3000,600,600,2997,2625,361,11,0,0,1.63333,80
456451222,1,7,3000,1000,600,600,1000,944,56,0,0,0,0.0833333,80
456451222,1,7,3000,6000,600,600,6000,4699,1248,53,0,0,7.58333,80
274604000,1,7,3000,3000,600,600,3000,2641,354,5,0,0,1.63333,0
274604000,1,7,3000,1000,600,600,1000,968,32,0,0,0,0.0833333,0
274604000,1,7,3000,6000,600,600,5999,4621,1335,43,0,0,7.86667,0
274604000,1,7,3000,3000,600,600,3000,2641,354,5,0,0,1.63333,5
274604000,1,7,3000,1000,600,600,1000,968,32,0,0,0,0.0833333,5
274604000,1,7,3000,6000,600,600,5999,4621,1335,43,0,0,7.95,5
274604000,1,7,3000,3000,600,600,3000,2641,354,5,0,0,1.63333,10
274604000,1,7,3000,1000,600,600,1000,968,32,0,0,0,0.1,10
274604000,1,7,3000,6000,600,600,5999,4621,1335,43,0,0,7.86667,10
274604000,1,7,3000,3000,600,600,3000,2641,354,5,0,0,1.63333,20
274604000,1,7,3000,1000,600,600,1000,968,32,0,0,0,0.1,20
274604000,1,7,3000,6000,600,600,5999,4621,1335,43,0,0,7.91667,20
274604000,1,7,3000,3000,600,600,3000,2641,354,5,0,0,1.78333,50
274604000,1,7,3000,1000,600,600,1000,968,32,0,0,0,0.133333,50
274604000,1,7,3000,6000,600,600,5999,4621,1335,43,0,0,7.61667,50
274604000,1,7,3000,3000,600,600,3000,2641,354,5,0,0,1.73333,60
274604000,1,7,3000,1000,600,600,1000,968,32,0,0,0,0.1,60
274604000,1,7,3000,6000,600,600,5999,4621,1335,43,0,0,7.91667,60
274604000,1,7,3000,3000,600,600,3000,2641,354,5,0,0,1.7,80
274604000,1,7,3000,1000,600,600,1000,968,32,0,0,0,0.1,80
274604000,1,7,3000,6000,600,600,5999,4621,1335,43,0,0,7.91667,80
2897458666,1,7,3000,3000,600,600,2998,2637,353,8,0,0,1.73333,0
2897458666,1,7,3000,1000,600,600,1000,943,57,0,0,0,0.1,0
2897458666,1,7,3000,6000,600,600,6000,4583,1362,55,0,0,7.93333,0
2897458666,1,7,3000,3000,600,600,2998,2637,353,8,0,0,1.63333,5
2897458666,1,7,3000,1000,600,600,1000,943,57,0,0,0,0.1,5
2897458666,1,7,3000,6000,600,600,6000,4583,1362,55,0,0,8.13333,5
2897458666,1,7,3000,3000,600,600,2998,2637,353,8,0,0,1.75,10
2897458666,1,7,3000,1000,600,600,1000,943,57,0,0,0,0.0833333,10
2897458666,1,7,3000,6000,600,600,6000,4583,1362,55,0,0,7.91667,10
2897458666,1,7,3000,3000,600,600,2998,2637,353,8,0,0,1.53333,20
2897458666,1,7,3000,1000,600,600,1000,943,57,0,0,0,0.1,20
2897458666,1,7,3000,6000,600,600,6000,4583,1362,55,0,0,7.88333,20
2897458666,1,7,3000,3000,600,600,2998,2637,353,8,0,0,1.73333,50
2897458666,1,7,3000,1000,600,600,1000,943,57,0,0,0,0.1,50
2897458666,1,7,3000,6000,600,600,6000,4583,1362,55,0,0,7.86667,50
2897458666,1,7,3000,3000,600,600,2998,2637,353,8,0,0,1.66667,60
2897458666,1,7,3000,1000,600,600,1000,943,57,0,0,0,0.0833333,60
2897458666,1,7,3000,6000,600,600,6000,4583,1362,55,0,0,7.86667,60
2897458666,1,7,3000,3000,600,600,2998,2637,353,8,0,0,1.93333,80
2897458666,1,7,3000,1000,600,600,1000,943,57,0,0,0,0.1,80
2897458666,1,7,3000,6000,600,600,6000,4583,1362,55,0,0,7.88333,80
4223873037,1,7,3000,3000,600,600,2999,2626,368,5,0,0,1.75,0
4223873037,1,7,3000,1000,600,600,1000,941,59,0,0,0,0.1,0
4223873037,1,7,3000,6000,600,600,6000,4607,1342,51,0,0,7.78333,0
4223873037,1,7,3000,3000,600,600,2999,2626,368,5,0,0,1.8,5
4223873037,1,7,3000,1000,600,600,1000,941,59,0,0,0,0.0833333,5
4223873037,1,7,3000,6000,600,600,6000,4607,1342,51,0,0,7.35,5
4223873037,1,7,3000,3000,600,600,2999,2626,368,5,0,0,1.76667,10
4223873037,1,7,3000,1000,600,600,1000,941,59,0,0,0,0.0833333,10
4223873037,1,7,3000,6000,600,600,6000,4607,1342,51,0,0,8,10
4223873037,1,7,3000,3000,600,600,2999,2626,368,5,0,0,1.85,20
4223873037,1,7,3000,1000,600,600,1000,941,59,0,0,0,0.0833333,20
4223873037,1,7,3000,6000,600,600,6000,4607,1342,51,0,0,8.05,20
4223873037,1,7,3000,3000,600,600,2999,2626,368,5,0,0,1.9,50
4223873037,1,7,3000,1000,600,600,1000,941,59,0,0,0,0.0833333,50
4223873037,1,7,3000,6000,600,600,6000,4607,1342,51,0,0,7.81667,50
4223873037,1,7,3000,3000,600,600,2999,2626,368,5,0,0,1.83333,60
4223873037,1,7,3000,1000,600,600,1000,941,59,0,0,0,0.116667,60
4223873037,1,7,3000,6000,600,600,6000,4607,1342,51,0,0,7.91667,60
4223873037,1,7,3000,3000,600,600,2999,2626,368,5,0,0,1.68333,80
4223873037,1,7,3000,1000,600,600,1000,941,59,0,0,0,0.0833333,80
4223873037,1,7,3000,6000,600,600,6000,4607,1342,51,0,0,7.5,80
1789785489,1,7,3000,3000,600,600,3000,2657,342,1,0,0,1.73333,0
1789785489,1,7,3000,1000,600,600,1000,954,46,0,0,0,0.1,0
1789785489,1,7,3000,6000,600,600,5999,4715,1259,25,0,0,8,0
1789785489,1,7,3000,3000,600,600,3000,2657,342,1,0,0,1.7,5
1789785489,1,7,3000,1000,600,600,1000,954,46,0,0,0,0.1,5
1789785489,1,7,3000,6000,600,600,5999,4715,1259,25,0,0,7.78333,5
1789785489,1,7,3000,3000,600,600,3000,2657,342,1,0,0,1.75,10
1789785489,1,7,3000,1000,600,600,1000,954,46,0,0,0,0.1,10
1789785489,1,7,3000,6000,600,600,5999,4715,1259,25,0,0,7.95,10
1789785489,1,7,3000,3000,600,600,3000,2657,342,1,0,0,1.78333,20
1789785489,1,7,3000,1000,600,600,1000,954,46,0,0,0,0.1,20
1789785489,1,7,3000,6000,600,600,5999,4715,1259,25,0,0,8.06667,20
1789785489,1,7,3000,3000,600,600,3000,2657,342,1,0,0,1.9,50
1789785489,1,7,3000,1000,600,600,1000,954,46,0,0,0,0.1,50
1789785489,1,7,3000,6000,600,600,5999,4715,1259,25,0,0,7.63333,50
1789785489,1,7,3000,3000,600,600,3000,2657,342,1,0,0,1.7,60
1789785489,1,7,3000,1000,600,600,1000,954,46,0,0,0,0.116667,60
1789785489,1,7,3000,6000,600,600,5999,4715,1259,25,0,0,8.01667,60
1789785489,1,7,3000,3000,600,600,3000,2657,342,1,0,0,1.8,80
1789785489,1,7,3000,1000,600,600,1000,954,46,0,0,0,0.0833333,80
1789785489,1,7,3000,6000,600,600,5999,4715,1259,25,0,0,7.93333,80
3075328019,1,7,3000,3000,600,600,2999,2653,341,5,0,0,1.68333,0
3075328019,1,7,3000,1000,600,600,1000,954,45,1,0,0,0.116667,0
3075328019,1,7,3000,6000,600,600,5998,4680,1268,50,0,0,7.98333,0
3075328019,1,7,3000,3000,600,600,2999,2653,341,5,0,0,1.76667,5
3075328019,1,7,3000,1000,600,600,1000,954,45,1,0,0,0.1,5
3075328019,1,7,3000,6000,600,600,5998,4680,1268,50,0,0,7.98333,5
3075328019,1,7,3000,3000,600,600,2999,2653,341,5,0,0,1.68333,10
3075328019,1,7,3000,1000,600,600,1000,954,45,1,0,0,0.1,10
3075328019,1,7,3000,6000,600,600,5998,4680,1268,50,0,0,7.91667,10
3075328019,1,7,3000,3000,600,600,2999,2653,341,5,0,0,1.68333,20
3075328019,1,7,3000,1000,600,600,1000,954,45,1,0,0,0.0833333,20
3075328019,1,7,3000,6000,600,600,5998,4680,1268,50,0,0,7.88333,20
3075328019,1,7,3000,3000,600,600,2999,2653,341,5,0,0,1.68333,50
3075328019,1,7,3000,1000,600,600,1000,954,45,1,0,0,0.1,50
3075328019,1,7,3000,6000,600,600,5998,4680,1268,50,0,0,7.98333,50
3075328019,1,7,3000,3000,600,600,2999,2653,341,5,0,0,1.78333,60
3075328019,1,7,3000,1000,600,600,1000,954,45,1,0,0,0.1,60
3075328019,1,7,3000,6000,600,600,5998,4680,1268,50,0,0,7.76667,60
3075328019,1,7,3000,3000,600,600,2999,2653,341,5,0,0,1.66667,80
3075328019,1,7,3000,1000,600,600,1000,954,45,1,0,0,0.1,80
3075328019,1,7,3000,6000,600,600,5998,4680,1268,50,0,0,7.91667,80
1095782359,1,7,3000,3000,600,600,2997,2656,334,7,0,0,1.71667,0
1095782359,1,7,3000,1000,600,600,1000,954,46,0,0,0,0.0833333,0
1095782359,1,7,3000,6000,600,600,6000,4666,1288,46,0,0,7.9,0
1095782359,1,7,3000,3000,600,600,2997,2656,334,7,0,0,1.66667,5
1095782359,1,7,3000,1000,600,600,1000,954,46,0,0,0,0.1,5
1095782359,1,7,3000,6000,600,600,6000,4666,1288,46,0,0,8,5
1095782359,1,7,3000,3000,600,600,2997,2656,334,7,0,0,1.68333,10
1095782359,1,7,3000,1000,600,600,1000,954,46,0,0,0,0.0833333,10
1095782359,1,7,3000,6000,600,600,6000,4666,1288,46,0,0,7.86667,10
1095782359,1,7,3000,3000,600,600,2997,2656,334,7,0,0,1.78333,20
1095782359,1,7,3000,1000,600,600,1000,954,46,0,0,0,0.116667,20
1095782359,1,7,3000,6000,600,600,6000,4666,1288,46,0,0,7.95,20
1095782359,1,7,3000,3000,600,600,2997,2656,334,7,0,0,1.63333,50
1095782359,1,7,3000,1000,600,600,1000,954,46,0,0,0,0.1,50
1095782359,1,7,3000,6000,600,600,6000,4666,1288,46,0,0,7.86667,50
1095782359,1,7,3000,3000,600,600,2997,2656,334,7,0,0,1.65,60
1095782359,1,7,3000,1000,600,600,1000,954,46,0,0,0,0.0833333,60
1095782359,1,7,3000,6000,600,600,6000,4666,1288,46,0,0,8,60
1095782359,1,7,3000,3000,600,600,2997,2656,334,7,0,0,1.65,80
1095782359,1,7,3000,1000,600,600,1000,954,46,0,0,0,0.1,80
1095782359,1,7,3000,6000,600,600,6000,4666,1288,46,0,0,7.5,80
3489015284,1,7,3000,3000,600,600,3000,2677,319,4,0,0,1.65,0
3489015284,1,7,3000,1000,600,600,998,954,44,0,0,0,0.1,0
3489015284,1,7,3000,6000,600,600,5999,4640,1312,47,0,0,8.03333,0
3489015284,1,7,3000,3000,600,600,3000,2677,319,4,0,0,1.65,5
3489015284,1,7,3000,1000,600,600,998,954,44,0,0,0,0.1,5
3489015284,1,7,3000,6000,600,600,5999,4640,1312,47,0,0,7.9,5
3489015284,1,7,3000,3000,600,600,3000,2677,319,4,0,0,1.8,10
3489015284,1,7,3000,1000,600,600,998,954,44,0,0,0,0.133333,10
3489015284,1,7,3000,6000,600,600,5999,4640,1312,47,0,0,8,10
3489015284,1,7,3000,3000,600,600,3000,2677,319,4,0,0,1.7,20
3489015284,1,7,3000,1000,600,600,998,954,44,0,0,0,0.1,20
3489015284,1,7,3000,6000,600,600,5999,4640,1312,47,0,0,7.81667,20
3489015284,1,7,3000,3000,600,600,3000,2677,319,4,0,0,1.65,50
3489015284,1,7,3000,1000,600,600,998,954,44,0,0,0,0.1,50
3489015284,1,7,3000,6000,600,600,5999,4640,1312,47,0,0,7.7,50
3489015284,1,7,3000,3000,600,600,3000,2677,319,4,0,0,1.68333,60
3489015284,1,7,3000,1000,600,600,998,954,44,0,0,0,0.1,60
3489015284,1,7,3000,6000,600,600,5999,4640,1312,47,0,0,8.03333,60
3489015284,1,7,3000,3000,600,600,3000,2677,319,4,0,0,1.66667,80
3489015284,1,7,3000,1000,600,600,998,954,44,0,0,0,0.0833333,80
3489015284,1,7,3000,6000,600,600,5999,4640,1312,47,0,0,7.85,80
2754247534,1,7,3000,3000,600,600,2999,2628,366,5,0,0,1.68333,0
2754247534,1,7,3000,1000,600,600,1000,959,41,0,0,0,0.1,0
2754247534,1,7,3000,6000,600,600,5998,4712,1258,28,0,0,7.98333,0
2754247534,1,7,3000,3000,600,600,2999,2628,366,5,0,0,1.68333,5
2754247534,1,7,3000,1000,600,600,1000,959,41,0,0,0,0.1,5
2754247534,1,7,3000,6000,600,600,5998,4712,1258,28,0,0,8,5
2754247534,1,7,3000,3000,600,600,2999,2628,366,5,0,0,1.71667,10
2754247534,1,7,3000,1000,600,600,1000,959,41,0,0,0,0.1,10
2754247534,1,7,3000,6000,600,600,5998,4712,1258,28,0,0,7.45,10
2754247534,1,7,3000,3000,600,600,2999,2628,366,5,0,0,1.8,20
2754247534,1,7,3000,1000,600,600,1000,959,41,0,0,0,0.1,20
2754247534,1,7,3000,6000,600,600,5998,4712,1258,28,0,0,7.96667,20
2754247534,1,7,3000,3000,600,600,2999,2628,366,5,0,0,1.68333,50
2754247534,1,7,3000,1000,600,600,1000,959,41,0,0,0,0.1,50
2754247534,1,7,3000,6000,600,600,5998,4712,1258,28,0,0,7.85,50
2754247534,1,7,3000,3000,600,600,2999,2628,366,5,0,0,1.78333,60
2754247534,1,7,3000,1000,600,600,1000,959,41,0,0,0,0.1,60
2754247534,1,7,3000,6000,600,600,5998,4712,1258,28,0,0,7.86667,60
2754247534,1,7,3000,3000,600,600,2999,2628,366,5,0,0,1.68333,80
2754247534,1,7,3000,1000,600,600,1000,959,41,0,0,0,0.1,80
2754247534,1,7,3000,6000,600,600,5998,4712,1258,28,0,0,7.8,80
298719848,1,7,3000,3000,600,600,3000,2649,347,4,0,0,1.75,0
298719848,1,7,3000,1000,600,600,1000,952,48,0,0,0,0.1,0
298719848,1,7,3000,6000,600,600,5999,4573,1373,53,0,0,7.86667,0
298719848,1,7,3000,3000,600,600,3000,2649,347,4,0,0,1.58333,5
298719848,1,7,3000,1000,600,600,1000,952,48,0,0,0,0.1,5
298719848,1,7,3000,6000,600,600,5999,4573,1373,53,0,0,7.9,5
298719848,1,7,3000,3000,600,600,3000,2649,347,4,0,0,1.75,10
298719848,1,7,3000,1000,600,600,1000,952,48,0,0,0,0.116667,10
298719848,1,7,3000,6000,600,600,5999,4573,1373,53,0,0,7.85,10
298719848,1,7,3000,3000,600,600,3000,2649,347,4,0,0,1.7,20
298719848,1,7,3000,1000,600,600,1000,952,48,0,0,0,0.116667,20
298719848,1,7,3000,6000,600,600,5999,4573,1373,53,0,0,7.9,20
298719848,1,7,3000,3000,600,600,3000,2649,347,4,0,0,1.71667,50
298719848,1,7,3000,1000,600,600,1000,952,48,0,0,0,0.1,50
298719848,1,7,3000,6000,600,600,5999,4573,1373,53,0,0,7.98333,50
298719848,1,7,3000,3000,600,600,3000,2649,347,4,0,0,1.68333,60
298719848,1,7,3000,1000,600,600,1000,952,48,0,0,0,0.1,60
298719848,1,7,3000,6000,600,600,5999,4573,1373,53,0,0,7.98333,60
298719848,1,7,3000,3000,600,600,3000,2649,347,4,0,0,1.76667,80
298719848,1,7,3000,1000,600,600,1000,952,48,0,0,0,0.116667,80
298719848,1,7,3000,6000,600,600,5999,4573,1373,53,0,0,7.2,80